0.3375	84.3	1.98E+00	5.67E-02
0.3679	84.3	1.65E+00	4.81E-02
0.3979	84.3	1.34E+00	3.35E-02
0.4077	84.3	1.22E+00	3.70E-02
0.4181	84.3	1.04E+00	3.61E-02
0.4275	84.3	8.39E-01	2.58E-02
0.4327	84.3	7.34E-01	3.35E-02
0.4376	84.3	5.71E-01	2.58E-02
0.4427	84.3	4.18E-01	2.06E-02
0.4484	84.3	2.55E-01	1.80E-02
0.4525	84.3	1.82E-01	1.55E-02
0.4575	84.3	2.33E-01	1.63E-02
0.4625	84.3	4.48E-01	2.92E-02
0.4679	84.3	6.41E-01	3.35E-02
0.4728	84.3	8.38E-01	2.66E-02
0.4779	84.3	9.88E-01	3.44E-02
0.4831	84.3	1.04E+00	2.49E-02
0.4887	84.3	1.09E+00	3.44E-02
0.4985	84.3	1.11E+00	3.53E-02
0.5185	84.3	1.06E+00	3.18E-02
0.5383	84.3	9.95E-01	2.92E-02
0.5585	84.3	9.38E-01	2.84E-02
0.5787	84.3	8.26E-01	2.41E-02
0.6082	84.3	7.56E-01	2.49E-02
0.6385	84.3	6.88E-01	2.06E-02
0.7004	84.3	5.97E-01	1.77E-02
1.6340	84.3	1.76E-01	5.21E-03
1.6640	84.3	1.99E-01	6.25E-03
1.6740	84.3	2.37E-01	5.21E-03
1.6840	84.3	2.30E-01	5.73E-03
1.6940	84.3	2.15E-01	6.25E-03
1.7040	84.3	1.67E-01	6.25E-03
1.7150	84.3	1.11E-01	6.25E-03
1.7250	84.3	7.72E-02	3.13E-03
1.7350	84.3	9.18E-02	3.65E-03
1.7450	84.3	1.51E-01	5.73E-03
1.7540	84.3	2.23E-01	7.30E-03
1.7630	84.3	2.38E-01	5.73E-03
1.7740	84.3	2.47E-01	6.25E-03
1.7930	84.3	2.44E-01	6.25E-03
1.8930	84.3	1.97E-01	5.73E-03
1.9920	84.3	1.77E-01	4.69E-03
0.6994	114.5	3.69E-01	7.24E-03
0.7503	114.5	3.35E-01	8.68E-03
0.8001	114.5	3.11E-01	6.27E-03
0.8499	114.5	2.76E-01	5.79E-03
0.8987	114.5	2.61E-01	5.79E-03
0.9501	114.5	2.45E-01	5.31E-03
0.9979	114.5	2.37E-01	5.79E-03
1.0490	114.5	2.30E-01	4.82E-03
1.1480	114.5	2.07E-01	3.86E-03
1.2480	114.5	1.88E-01	4.34E-03
1.3470	114.5	1.71E-01	3.86E-03
1.4460	114.5	1.61E-01	3.38E-03
1.5460	114.5	1.50E-01	4.82E-03
1.5950	114.5	1.36E-01	3.38E-03
1.6140	114.5	1.28E-01	2.89E-03
1.6340	114.5	1.14E-01	2.41E-03
1.6540	114.5	9.07E-02	1.93E-03
1.6650	114.5	6.71E-02	2.62E-03
1.6740	114.5	4.43E-02	2.76E-03
1.6850	114.5	2.31E-02	2.76E-03
1.6940	114.5	2.22E-02	2.36E-03
1.7050	114.5	4.27E-02	2.36E-03
1.7140	114.5	7.70E-02	3.15E-03
1.7240	114.5	1.22E-01	4.33E-03
1.7330	114.5	1.77E-01	4.73E-03
1.7440	114.5	2.19E-01	3.15E-03
1.7540	114.5	2.35E-01	4.33E-03
1.7640	114.5	2.21E-01	5.91E-03
1.7730	114.5	2.09E-01	4.33E-03
1.7940	114.5	1.92E-01	3.94E-03
1.8930	114.5	1.59E-01	4.73E-03
1.9920	114.5	1.47E-01	3.94E-03
0.2971	144.1	6.55E-01	1.11E-02
0.3370	144.1	4.64E-01	8.88E-03
0.3670	144.1	3.60E-01	7.40E-03
0.3970	144.1	2.36E-01	5.18E-03
0.4074	144.1	1.86E-01	3.70E-03
0.4170	144.1	1.42E-01	5.18E-03
0.4272	144.1	9.75E-02	4.44E-03
0.4320	144.1	8.19E-02	5.18E-03
0.4371	144.1	7.58E-02	5.18E-03
0.4421	144.1	1.02E-01	4.44E-03
0.4480	144.1	1.88E-01	1.11E-02
0.4522	144.1	3.24E-01	1.85E-02
0.4572	144.1	5.23E-01	1.63E-02
0.4624	144.1	7.05E-01	1.41E-02
0.4674	144.1	7.77E-01	9.63E-03
0.4726	144.1	8.03E-01	8.89E-03
0.4775	144.1	8.00E-01	1.41E-02
0.4827	144.1	7.43E-01	9.62E-03
0.4875	144.1	7.12E-01	8.15E-03
0.4976	144.1	6.33E-01	7.40E-03
0.5075	144.1	5.71E-01	1.04E-02
0.5176	144.1	5.30E-01	8.88E-03
0.5377	144.1	4.56E-01	8.89E-03
0.5574	144.1	4.11E-01	8.88E-03
0.5771	144.1	3.83E-01	8.15E-03
0.6068	144.1	3.43E-01	8.15E-03
0.6369	144.1	3.07E-01	6.67E-03
0.7016	144.1	2.74E-01	6.25E-03
0.7510	144.1	2.44E-01	5.14E-03
0.8001	144.1	2.33E-01	5.51E-03
0.8501	144.1	2.12E-01	5.51E-03
0.9000	144.1	2.04E-01	5.51E-03
0.9500	144.1	1.94E-01	4.78E-03
0.9995	144.1	1.87E-01	4.78E-03
1.0480	144.1	1.83E-01	3.31E-03
1.1480	144.1	1.66E-01	3.31E-03
1.2470	144.1	1.56E-01	3.68E-03
1.3470	144.1	1.56E-01	3.68E-03
1.5460	144.1	1.52E-01	3.31E-03
1.5950	144.1	1.47E-01	4.04E-03
1.6340	144.1	1.27E-01	3.31E-03
1.6540	144.1	8.65E-02	4.41E-03
1.6650	144.1	5.49E-02	2.94E-03
1.6740	144.1	1.11E-02	2.57E-03
1.6830	144.1	2.64E-03	1.84E-03
1.6940	144.1	6.18E-02	4.78E-03
1.7040	144.1	2.16E-01	6.98E-03
1.7130	144.1	3.59E-01	9.56E-03
1.7210	144.1	5.12E-01	1.07E-02
1.7310	144.1	5.12E-01	7.72E-03
1.7420	144.1	4.15E-01	8.45E-03
1.7530	144.1	2.70E-01	6.62E-03
1.7620	144.1	1.83E-01	4.41E-03
1.7720	144.1	1.27E-01	4.41E-03
1.7920	144.1	8.56E-02	2.20E-03
1.8910	144.1	8.14E-02	3.31E-03
1.9930	144.1	8.67E-02	2.94E-03

