0.151	0	2.78E-10	1.7E-10
0.200	0	2.76E-09	3.0E-10
0.219	0	4.23E-09	4.7E-11
0.254	0	1.02E-08	1.2E-09
0.259	0	1.44E-08	1.6E-09
0.283	0	2.77E-08	3.0E-09
0.300	0	4.36E-08	4.8E-09
0.313	0	5.31E-08	5.8E-09
0.320	0	7.24E-08	7.9E-09
0.340	0	1.08E-07	1.2E-08
0.341	0	1.20E-07	1.3E-08
0.350	0	1.45E-07	1.6E-08
0.360	0	1.87E-07	2.0E-08
0.374	0	2.72E-07	3.0E-08
0.380	0	3.56E-07	3.9E-08
0.397	0	5.35E-07	5.8E-08
0.406	0	6.31E-07	6.9E-08
0.417	0	9.49E-07	1.0E-07
0.428	0	1.40E-06	1.5E-07
0.435	0	2.73E-06	3.0E-07
0.444	0	4.70E-06	5.2E-07
0.448	0	7.23E-06	8.0E-07
0.459	0	9.68E-06	1.1E-06
0.469	0	7.34E-06	8.1E-07
0.482	0	5.57E-06	6.1E-07
0.483	0	4.37E-06	4.8E-07
0.503	0	2.34E-06	2.6E-07
0.515	0	1.64E-06	1.8E-07
0.531	0	7.70E-07	8.5E-08
0.558	0	4.04E-07	4.4E-08
0.583	0	3.32E-07	3.7E-08
0.607	0	2.38E-07	2.6E-08
0.627	0	1.82E-07	2.0E-08
0.656	0	1.55E-07	1.7E-08
0.681	0	1.05E-07	2.4E-08
0.708	0	1.21E-07	2.2E-08
0.731	0	9.30E-08	1.0E-08
0.760	0	8.42E-08	1.5E-08
0.781	0	8.25E-08	1.4E-08
0.808	0	5.28E-08	1.2E-08
0.854	0	5.68E-08	1.3E-08
0.903	0	4.59E-08	9.4E-09
0.959	0	2.44E-08	8.9E-09
1.003	0	4.41E-08	9.1E-09
1.059	0	2.96E-08	3.9E-09
1.115	0	3.09E-08	3.4E-09
1.164	0	2.95E-08	3.2E-09
1.214	0	3.67E-08	8.5E-09
1.260	0	4.01E-08	4.4E-09
1.361	0	4.47E-08	4.9E-09
1.411	0	5.89E-08	6.5E-09
1.460	0	9.11E-08	1.0E-08
1.504	0	1.11E-07	1.2E-08
1.538	0	1.43E-07	1.6E-08
1.555	0	1.74E-07	1.9E-08
1.590	0	2.08E-07	2.3E-08
1.606	0	2.91E-07	3.2E-08
1.632	0	4.16E-07	4.6E-08
1.657	0	5.65E-07	6.2E-08
1.673	0	7.79E-07	8.6E-08
1.694	0	1.08E-06	1.2E-07
1.696	0	1.36E-06	1.5E-07
1.707	0	2.30E-06	2.5E-07
1.726	0	1.72E-06	1.9E-07
1.740	0	1.31E-06	1.4E-07
1.744	0	7.73E-07	8.5E-08
1.750	0	5.96E-07	6.6E-08
1.761	0	3.61E-07	4.0E-08
1.791	0	1.41E-07	1.6E-08
1.810	0	4.64E-08	5.1E-09
1.864	0	1.60E-08	9.8E-09
1.907	0	2.56E-08	1.2E-08
1.957	0	1.74E-08	6.4E-09
2.007	0	1.79E-08	8.1E-09
2.069	0	2.12E-08	1.3E-08
2.109	0	4.95E-08	1.0E-08
2.210	0	7.99E-08	1.1E-08
2.311	0	7.43E-08	8.2E-09
2.410	0	6.58E-08	1.5E-08
2.515	0	9.44E-08	2.2E-08
0.151	90	3.50E-10	2.0E-10
0.198	90	2.60E-09	2.8E-10
0.215	90	4.20E-09	5.5E-10
0.241	90	9.80E-09	1.1E-09
0.257	90	1.32E-08	1.5E-09
0.280	90	2.73E-08	3.0E-09
0.301	90	4.21E-08	4.6E-09
0.311	90	5.43E-08	6.0E-09
0.312	90	6.63E-08	7.3E-09
0.326	90	9.23E-08	1.0E-08
0.345	90	1.23E-07	1.4E-08
0.350	90	1.51E-07	1.7E-08
0.360	90	1.99E-07	2.2E-08
0.373	90	2.77E-07	3.0E-08
0.386	90	4.04E-07	4.4E-08
0.389	90	5.23E-07	5.8E-08
0.397	90	6.64E-07	7.3E-08
0.406	90	1.00E-06	1.1E-07
0.419	90	1.31E-06	1.4E-07
0.428	90	2.59E-06	2.8E-07
0.438	90	4.75E-06	5.2E-07
0.443	90	7.77E-06	8.5E-07
0.465	90	9.41E-06	1.0E-06
0.471	90	7.37E-06	8.1E-07
0.472	90	5.75E-06	6.3E-07
0.479	90	4.57E-06	5.0E-07
0.491	90	2.84E-06	3.1E-07
0.502	90	1.92E-06	2.1E-07
0.524	90	7.87E-07	8.7E-08
0.545	90	5.31E-07	5.8E-08
0.576	90	3.46E-07	3.8E-08
0.604	90	2.56E-07	2.8E-08
0.629	90	1.89E-07	2.1E-08
0.656	90	1.72E-07	1.9E-08
0.682	90	9.47E-08	2.2E-08
0.699	90	1.06E-07	2.4E-08
0.725	90	8.38E-08	2.4E-08
0.752	90	7.09E-08	7.7E-09
0.777	90	5.46E-08	9.8E-09
0.804	90	6.21E-08	1.4E-08
0.851	90	4.27E-08	9.8E-09
0.903	90	4.60E-08	1.1E-08
0.952	90	2.87E-08	9.7E-09
1.005	90	2.31E-08	7.2E-09
1.051	90	1.51E-08	5.9E-09
1.106	90	2.69E-08	4.8E-09
1.155	90	2.32E-08	5.3E-09
1.205	90	2.76E-08	6.4E-09
1.254	90	4.46E-08	5.9E-09
1.355	90	3.64E-08	8.4E-09
1.404	90	7.45E-08	1.3E-09
1.450	90	4.25E-08	9.8E-09
1.503	90	1.21E-07	1.6E-08
1.527	90	1.47E-07	1.6E-08
1.550	90	1.61E-07	1.8E-08
1.580	90	2.01E-07	2.2E-08
1.619	90	2.98E-07	3.3E-08
1.626	90	5.45E-07	6.0E-08
1.654	90	1.02E-06	1.1E-07
1.658	90	1.48E-06	1.6E-07
1.671	90	1.81E-06	2.0E-07
1.683	90	2.52E-06	2.8E-07
1.698	90	3.70E-06	4.1E-07
1.715	90	4.25E-06	4.7E-07
1.729	90	3.61E-06	4.0E-07
1.737	90	3.00E-06	3.3E-07
1.748	90	1.51E-06	1.7E-07
1.757	90	2.33E-06	2.6E-07
1.777	90	9.06E-07	1.0E-07
1.806	90	5.24E-07	5.8E-08
1.856	90	2.81E-07	3.1E-08
1.905	90	1.95E-07	2.1E-08
1.952	90	1.82E-07	2.0E-08
2.002	90	1.46E-07	1.6E-08
2.054	90	1.27E-07	2.3E-08
2.101	90	1.54E-07	2.4E-08
2.200	90	1.40E-07	2.2E-08
2.239	90	1.44E-07	1.6E-08
2.306	90	1.39E-07	1.5E-08
2.406	90	1.36E-07	1.5E-08
2.503	90	1.62E-07	1.8E-08

