2.5277	51.6	5.70E-01	4.56E-02
2.5367	51.6	5.89E-01	4.72E-02
2.5440	51.6	5.89E-01	4.71E-02
2.5520	51.6	5.76E-01	4.61E-02
2.5539	51.6	5.71E-01	4.57E-02
2.5593	51.6	5.86E-01	4.69E-02
2.5684	51.6	5.84E-01	4.68E-02
2.5758	51.6	5.65E-01	4.52E-02
2.5898	51.6	5.78E-01	4.62E-02
2.6013	51.6	5.77E-01	4.62E-02
2.6189	51.6	6.00E-01	4.80E-02
2.6231	51.6	6.14E-01	4.92E-02
2.6266	51.6	6.35E-01	5.08E-02
2.6316	51.6	6.17E-01	4.94E-02
2.6364	51.6	6.33E-01	5.07E-02
2.6419	51.6	6.25E-01	5.00E-02
2.6505	51.6	6.12E-01	4.89E-02
2.6520	51.6	5.64E-01	4.51E-02
2.6559	51.6	6.22E-01	4.98E-02
2.6687	51.6	6.31E-01	5.05E-02
2.6788	51.6	5.56E-01	4.45E-02
2.6826	51.6	5.34E-01	4.27E-02
2.6827	51.6	5.19E-01	4.15E-02
2.6922	51.6	5.54E-01	4.43E-02
2.6922	51.6	5.65E-01	4.52E-02
2.6932	51.6	6.10E-01	4.88E-02
2.6937	51.6	5.10E-01	4.08E-02
2.6955	51.6	5.21E-01	4.17E-02
2.6997	51.6	6.42E-01	5.14E-02
2.7033	51.6	6.57E-01	5.25E-02
2.7085	51.6	7.01E-01	5.61E-02
2.7178	51.6	6.78E-01	5.42E-02
2.7282	51.6	6.58E-01	5.27E-02
2.7372	51.6	6.92E-01	5.54E-02
2.7536	51.6	6.95E-01	5.56E-02
2.7640	51.6	6.84E-01	5.47E-02
2.7761	51.6	7.10E-01	5.68E-02
2.7878	51.6	6.83E-01	5.46E-02
2.8024	51.6	6.90E-01	5.52E-02
2.8157	51.6	6.97E-01	5.57E-02
2.8274	51.6	6.80E-01	5.44E-02
2.8456	51.6	6.89E-01	5.51E-02
2.8512	51.6	6.77E-01	5.41E-02
2.8629	51.6	6.55E-01	5.24E-02
2.8769	51.6	6.51E-01	5.20E-02
2.8915	51.6	6.56E-01	5.25E-02
2.9025	51.6	6.55E-01	5.24E-02
2.9130	51.6	6.22E-01	4.98E-02
2.9301	51.6	6.10E-01	4.88E-02
2.9386	51.6	6.16E-01	4.93E-02
1.4933	61.1	6.84E-01	5.47E-02
1.4952	61.1	6.33E-01	5.06E-02
1.4999	61.1	6.60E-01	5.28E-02
1.5042	61.1	6.51E-01	5.21E-02
1.5116	61.1	6.41E-01	5.13E-02
1.5168	61.1	6.36E-01	5.09E-02
1.5177	61.1	6.43E-01	5.14E-02
1.5229	61.1	6.44E-01	5.15E-02
1.5240	61.1	6.40E-01	5.12E-02
1.5281	61.1	6.36E-01	5.09E-02
1.5284	61.1	6.22E-01	4.97E-02
1.5293	61.1	6.25E-01	5.00E-02
1.5313	61.1	6.29E-01	5.04E-02
1.5380	61.1	5.99E-01	4.79E-02
1.5389	61.1	6.11E-01	4.89E-02
1.5411	61.1	6.01E-01	4.81E-02
1.5430	61.1	6.09E-01	4.87E-02
1.5452	61.1	6.00E-01	4.80E-02
1.5463	61.1	5.97E-01	4.77E-02
1.5495	61.1	5.93E-01	4.74E-02
1.5525	61.1	5.96E-01	4.77E-02
1.5539	61.1	5.75E-01	4.60E-02
1.5560	61.1	5.71E-01	4.57E-02
1.5609	61.1	5.89E-01	4.71E-02
1.5642	61.1	5.73E-01	4.59E-02
1.5673	61.1	5.76E-01	4.61E-02
1.5694	61.1	5.71E-01	4.56E-02
1.5711	61.1	5.95E-01	4.76E-02
1.5719	61.1	5.45E-01	4.36E-02
1.5724	61.1	5.75E-01	4.60E-02
1.5735	61.1	5.72E-01	4.57E-02
1.5768	61.1	5.63E-01	4.50E-02
1.5777	61.1	5.67E-01	4.53E-02
1.5809	61.1	5.63E-01	4.50E-02
1.5851	61.1	5.55E-01	4.44E-02
1.5873	61.1	5.47E-01	4.38E-02
1.5903	61.1	5.54E-01	4.43E-02
1.5914	61.1	5.49E-01	4.40E-02
1.5937	61.1	5.37E-01	4.30E-02
1.5956	61.1	5.48E-01	4.38E-02
1.5956	61.1	5.43E-01	4.34E-02
1.5988	61.1	5.40E-01	4.32E-02
1.6010	61.1	5.29E-01	4.23E-02
1.6030	61.1	5.33E-01	4.26E-02
1.6031	61.1	5.25E-01	4.20E-02
1.6091	61.1	5.39E-01	4.31E-02
1.6093	61.1	5.26E-01	4.21E-02
1.6134	61.1	5.27E-01	4.22E-02
1.6156	61.1	5.22E-01	4.17E-02
1.6209	61.1	5.11E-01	4.09E-02
1.6219	61.1	5.15E-01	4.12E-02
1.6228	61.1	5.20E-01	4.16E-02
1.6271	61.1	5.07E-01	4.06E-02
1.6284	61.1	4.96E-01	3.96E-02
1.6332	61.1	5.14E-01	4.11E-02
1.6333	61.1	5.10E-01	4.08E-02
1.6344	61.1	5.03E-01	4.03E-02
1.6428	61.1	4.99E-01	3.99E-02
1.6447	61.1	5.08E-01	4.07E-02
1.6471	61.1	4.85E-01	3.88E-02
1.6491	61.1	4.89E-01	3.91E-02
1.6503	61.1	4.76E-01	3.81E-02
1.6544	61.1	4.81E-01	3.85E-02
1.6563	61.1	4.93E-01	3.94E-02
1.6617	61.1	4.76E-01	3.80E-02
1.6625	61.1	4.91E-01	3.93E-02
1.6659	61.1	4.68E-01	3.74E-02
1.6699	61.1	4.76E-01	3.81E-02
1.6764	61.1	4.60E-01	3.68E-02
1.6772	61.1	4.71E-01	3.77E-02
1.6824	61.1	4.70E-01	3.76E-02
1.6877	61.1	4.64E-01	3.71E-02
1.6917	61.1	4.67E-01	3.74E-02
1.6936	61.1	4.81E-01	3.85E-02
1.6956	61.1	4.84E-01	3.87E-02
1.7008	61.1	4.78E-01	3.82E-02
1.7027	61.1	4.93E-01	3.94E-02
1.7066	61.1	5.05E-01	4.04E-02
1.7117	61.1	5.06E-01	4.05E-02
1.7141	61.1	4.89E-01	3.91E-02
1.7146	61.1	5.20E-01	4.16E-02
1.7176	61.1	5.26E-01	4.21E-02
1.7181	61.1	4.96E-01	3.97E-02
1.7224	61.1	5.50E-01	4.40E-02
1.7231	61.1	5.09E-01	4.07E-02
1.7249	61.1	5.20E-01	4.16E-02
1.7264	61.1	5.57E-01	4.46E-02
1.7333	61.1	5.79E-01	4.63E-02
1.7382	61.1	5.95E-01	4.76E-02
1.7441	61.1	6.13E-01	4.90E-02
1.7447	61.1	6.38E-01	5.11E-02
1.7506	61.1	6.58E-01	5.26E-02
1.7533	61.1	6.82E-01	5.46E-02
1.7590	61.1	7.15E-01	5.72E-02
1.7640	61.1	7.22E-01	5.78E-02
1.7676	61.1	7.55E-01	6.04E-02
1.7735	61.1	7.74E-01	6.19E-02
1.7754	61.1	7.82E-01	6.25E-02
1.7833	61.1	8.05E-01	6.44E-02
1.7894	61.1	8.15E-01	6.52E-02
1.7921	61.1	8.35E-01	6.68E-02
1.7962	61.1	8.41E-01	6.73E-02
1.8003	61.1	8.40E-01	6.72E-02
1.8062	61.1	8.60E-01	6.88E-02
1.8093	61.1	8.57E-01	6.86E-02
1.8113	61.1	8.61E-01	6.89E-02
1.8241	61.1	8.38E-01	6.70E-02
1.8300	61.1	8.55E-01	6.84E-02
1.8312	61.1	8.45E-01	6.76E-02
1.8351	61.1	8.59E-01	6.87E-02
1.8404	61.1	8.50E-01	6.80E-02
1.8470	61.1	8.25E-01	6.60E-02
1.8502	61.1	8.18E-01	6.54E-02
1.8531	61.1	8.31E-01	6.65E-02
1.8576	61.1	8.06E-01	6.45E-02
1.8620	61.1	7.85E-01	6.28E-02
1.8671	61.1	7.90E-01	6.32E-02
1.8722	61.1	7.93E-01	6.34E-02
1.8749	61.1	7.58E-01	6.06E-02
1.8809	61.1	7.64E-01	6.11E-02
1.8860	61.1	7.70E-01	6.16E-02
1.8913	61.1	7.60E-01	6.08E-02
1.8915	61.1	7.49E-01	5.99E-02
1.8937	61.1	7.42E-01	5.93E-02
1.8966	61.1	7.52E-01	6.02E-02
1.8976	61.1	7.56E-01	6.05E-02
1.9009	61.1	7.43E-01	5.94E-02
1.9009	61.1	7.40E-01	5.92E-02
1.9052	61.1	7.29E-01	5.83E-02
1.9072	61.1	7.33E-01	5.86E-02
1.9085	61.1	7.20E-01	5.76E-02
1.9094	61.1	7.26E-01	5.81E-02
1.9188	61.1	7.19E-01	5.75E-02
1.9239	61.1	7.22E-01	5.77E-02
1.9280	61.1	7.25E-01	5.80E-02
1.9303	61.1	7.06E-01	5.65E-02
1.9310	61.1	7.30E-01	5.84E-02
1.9345	61.1	7.03E-01	5.63E-02
1.9376	61.1	7.03E-01	5.63E-02
1.9386	61.1	7.08E-01	5.66E-02
1.9447	61.1	7.11E-01	5.69E-02
1.9467	61.1	7.18E-01	5.74E-02
1.9478	61.1	7.10E-01	5.68E-02
1.9489	61.1	7.06E-01	5.65E-02
1.9523	61.1	6.85E-01	5.48E-02
1.9541	61.1	7.02E-01	5.62E-02
1.9587	61.1	6.76E-01	5.41E-02
1.9605	61.1	6.89E-01	5.51E-02
1.9648	61.1	6.77E-01	5.42E-02
1.9677	61.1	6.92E-01	5.54E-02
1.9701	61.1	6.70E-01	5.36E-02
1.9728	61.1	6.33E-01	5.06E-02
1.9799	61.1	6.39E-01	5.11E-02
1.9905	61.1	6.23E-01	4.99E-02
1.9918	61.1	6.05E-01	4.84E-02
1.9970	61.1	6.03E-01	4.82E-02
2.0052	61.1	6.07E-01	4.86E-02
2.0103	61.1	6.07E-01	4.86E-02
2.0135	61.1	5.99E-01	4.79E-02
2.0157	61.1	5.95E-01	4.76E-02
2.0219	61.1	5.94E-01	4.76E-02
2.0293	61.1	5.82E-01	4.66E-02
2.0365	61.1	5.83E-01	4.66E-02
2.0497	61.1	5.96E-01	4.77E-02
2.0502	61.1	5.61E-01	4.49E-02
2.0564	61.1	5.60E-01	4.48E-02
2.0586	61.1	5.56E-01	4.45E-02
2.0647	61.1	5.61E-01	4.49E-02
2.0665	61.1	5.74E-01	4.59E-02
2.0687	61.1	5.66E-01	4.53E-02
2.0701	61.1	5.44E-01	4.35E-02
2.0796	61.1	5.29E-01	4.23E-02
2.0825	61.1	5.43E-01	4.34E-02
2.0830	61.1	5.13E-01	4.10E-02
2.0844	61.1	5.54E-01	4.43E-02
2.0858	61.1	5.31E-01	4.25E-02
2.0917	61.1	5.47E-01	4.37E-02
2.1031	61.1	5.45E-01	4.36E-02
2.1041	61.1	4.82E-01	3.85E-02
2.1057	61.1	5.13E-01	4.10E-02
2.1094	61.1	4.72E-01	3.78E-02
2.1099	61.1	4.39E-01	3.51E-02
2.1132	61.1	4.27E-01	3.42E-02
2.1183	61.1	4.30E-01	3.44E-02
2.1223	61.1	4.41E-01	3.53E-02
2.1252	61.1	4.49E-01	3.59E-02
2.1313	61.1	4.58E-01	3.66E-02
2.1394	61.1	4.69E-01	3.75E-02
2.1434	61.1	4.75E-01	3.80E-02
2.1513	61.1	4.96E-01	3.97E-02
2.1603	61.1	5.18E-01	4.14E-02
2.1636	61.1	5.01E-01	4.01E-02
2.1709	61.1	4.97E-01	3.98E-02
2.1732	61.1	4.80E-01	3.84E-02
2.1793	61.1	4.87E-01	3.89E-02
2.1855	61.1	4.87E-01	3.90E-02
2.1908	61.1	4.81E-01	3.85E-02
2.1992	61.1	4.71E-01	3.76E-02
2.2021	61.1	4.79E-01	3.83E-02
2.2075	61.1	4.64E-01	3.71E-02
2.2104	61.1	4.80E-01	3.84E-02
2.2115	61.1	4.76E-01	3.80E-02
2.2158	61.1	4.63E-01	3.70E-02
2.2170	61.1	4.50E-01	3.60E-02
2.2210	61.1	4.60E-01	3.68E-02
2.2232	61.1	4.50E-01	3.60E-02
2.2255	61.1	4.36E-01	3.49E-02
2.2327	61.1	4.41E-01	3.53E-02
2.2336	61.1	4.46E-01	3.57E-02
2.2396	61.1	4.57E-01	3.65E-02
2.2399	61.1	4.38E-01	3.50E-02
2.2439	61.1	4.48E-01	3.58E-02
2.2482	61.1	4.39E-01	3.51E-02
2.2514	61.1	4.28E-01	3.43E-02
2.2533	61.1	4.37E-01	3.50E-02
2.2536	61.1	4.22E-01	3.37E-02
2.2595	61.1	4.41E-01	3.53E-02
2.2598	61.1	4.21E-01	3.37E-02
2.2607	61.1	4.31E-01	3.44E-02
2.2650	61.1	4.19E-01	3.35E-02
2.2676	61.1	4.46E-01	3.57E-02
2.2705	61.1	3.99E-01	3.19E-02
2.2746	61.1	4.01E-01	3.20E-02
2.2775	61.1	4.08E-01	3.27E-02
2.2850	61.1	3.93E-01	3.14E-02
2.2901	61.1	3.96E-01	3.17E-02
2.3014	61.1	4.02E-01	3.22E-02
2.3064	61.1	4.06E-01	3.25E-02
2.3108	61.1	3.90E-01	3.12E-02
2.3240	61.1	4.02E-01	3.22E-02
2.3265	61.1	3.80E-01	3.04E-02
2.3325	61.1	3.91E-01	3.13E-02
2.3356	61.1	3.86E-01	3.09E-02
2.3450	61.1	3.84E-01	3.07E-02
2.3501	61.1	3.85E-01	3.08E-02
2.3523	61.1	3.76E-01	3.01E-02
2.3583	61.1	3.85E-01	3.08E-02
2.3647	61.1	3.77E-01	3.01E-02
2.3728	61.1	3.83E-01	3.06E-02
2.3747	61.1	3.95E-01	3.16E-02
2.3832	61.1	3.77E-01	3.01E-02
2.3884	61.1	3.76E-01	3.01E-02
2.3926	61.1	3.72E-01	2.98E-02
2.3978	61.1	3.71E-01	2.97E-02
2.4020	61.1	3.66E-01	2.93E-02
2.4114	61.1	3.58E-01	2.86E-02
2.4155	61.1	3.62E-01	2.89E-02
2.4184	61.1	3.69E-01	2.95E-02
2.4237	61.1	3.62E-01	2.89E-02
2.4331	61.1	3.56E-01	2.85E-02
2.4360	61.1	3.66E-01	2.93E-02
2.4413	61.1	3.59E-01	2.87E-02
2.4475	61.1	3.56E-01	2.85E-02
2.4505	61.1	3.62E-01	2.90E-02
2.4567	61.1	3.61E-01	2.89E-02
2.4640	61.1	3.59E-01	2.88E-02
2.4700	61.1	3.66E-01	2.93E-02
2.4714	61.1	3.62E-01	2.90E-02
2.4753	61.1	3.58E-01	2.86E-02
2.4763	61.1	3.68E-01	2.95E-02
2.4794	61.1	3.60E-01	2.88E-02
2.4844	61.1	3.72E-01	2.98E-02
2.4893	61.1	3.62E-01	2.90E-02
2.4897	61.1	3.62E-01	2.89E-02
2.4929	61.1	3.57E-01	2.86E-02
2.4968	61.1	3.65E-01	2.92E-02
2.4991	61.1	3.56E-01	2.85E-02
2.4992	61.1	3.71E-01	2.97E-02
2.5011	61.1	3.60E-01	2.88E-02
2.5021	61.1	3.63E-01	2.90E-02
2.5063	61.1	3.54E-01	2.83E-02
2.5091	61.1	3.66E-01	2.93E-02
2.5129	61.1	3.59E-01	2.87E-02
2.5189	61.1	3.46E-01	2.77E-02
2.5203	61.1	3.53E-01	2.82E-02
2.5240	61.1	3.71E-01	2.96E-02
2.5289	61.1	3.64E-01	2.91E-02
2.5302	61.1	3.44E-01	2.75E-02
2.5327	61.1	3.74E-01	2.99E-02
2.5361	61.1	3.65E-01	2.92E-02
2.5382	61.1	3.60E-01	2.88E-02
2.5414	61.1	3.68E-01	2.94E-02
2.5465	61.1	3.59E-01	2.87E-02
2.5506	61.1	3.64E-01	2.91E-02
2.5528	61.1	3.53E-01	2.82E-02
2.5556	61.1	3.69E-01	2.95E-02
2.5557	61.1	3.64E-01	2.91E-02
2.5568	61.1	3.71E-01	2.97E-02
2.5574	61.1	3.79E-01	3.03E-02
2.5620	61.1	3.59E-01	2.87E-02
2.5630	61.1	3.70E-01	2.96E-02
2.5655	61.1	3.60E-01	2.88E-02
2.5692	61.1	3.56E-01	2.85E-02
2.5711	61.1	3.65E-01	2.92E-02
2.5775	61.1	3.58E-01	2.87E-02
2.5779	61.1	3.58E-01	2.86E-02
2.5797	61.1	3.47E-01	2.77E-02
2.5867	61.1	3.58E-01	2.87E-02
2.5872	61.1	3.66E-01	2.92E-02
2.5928	61.1	3.66E-01	2.93E-02
2.5936	61.1	3.79E-01	3.03E-02
2.5940	61.1	3.70E-01	2.96E-02
2.5940	61.1	3.86E-01	3.09E-02
2.5998	61.1	3.80E-01	3.04E-02
2.6008	61.1	3.86E-01	3.09E-02
2.6051	61.1	3.74E-01	2.99E-02
2.6092	61.1	3.74E-01	2.99E-02
2.6106	61.1	4.18E-01	3.35E-02
2.6148	61.1	4.10E-01	3.28E-02
2.6174	61.1	4.10E-01	3.28E-02
2.6191	61.1	4.02E-01	3.21E-02
2.6211	61.1	4.05E-01	3.24E-02
2.6230	61.1	4.12E-01	3.30E-02
2.6298	61.1	4.27E-01	3.41E-02
2.6298	61.1	4.11E-01	3.29E-02
2.6334	61.1	4.09E-01	3.27E-02
2.6362	61.1	4.23E-01	3.39E-02
2.6415	61.1	4.15E-01	3.32E-02
2.6422	61.1	4.20E-01	3.36E-02
2.6465	61.1	4.13E-01	3.31E-02
2.6500	61.1	4.04E-01	3.23E-02
2.6559	61.1	3.94E-01	3.15E-02
2.6608	61.1	4.00E-01	3.20E-02
2.6615	61.1	3.91E-01	3.13E-02
2.6640	61.1	3.85E-01	3.08E-02
2.6667	61.1	3.90E-01	3.12E-02
2.6679	61.1	3.76E-01	3.01E-02
2.6714	61.1	3.80E-01	3.04E-02
2.6721	61.1	3.56E-01	2.85E-02
2.6731	61.1	3.78E-01	3.02E-02
2.6740	61.1	3.39E-01	2.71E-02
2.6746	61.1	3.45E-01	2.76E-02
2.6759	61.1	3.32E-01	2.66E-02
2.6789	61.1	3.36E-01	2.69E-02
2.6808	61.1	3.43E-01	2.75E-02
2.6822	61.1	2.79E-01	2.23E-02
2.6830	61.1	3.38E-01	2.71E-02
2.6862	61.1	2.66E-01	2.13E-02
2.6866	61.1	2.69E-01	2.15E-02
2.6896	61.1	2.96E-01	2.37E-02
2.6908	61.1	3.14E-01	2.51E-02
2.6910	61.1	2.23E-01	1.78E-02
2.6938	61.1	3.08E-01	2.47E-02
2.6944	61.1	3.54E-01	2.83E-02
2.6968	61.1	3.84E-01	3.07E-02
2.6974	61.1	3.95E-01	3.16E-02
2.6983	61.1	3.46E-01	2.77E-02
2.6989	61.1	3.73E-01	2.98E-02
2.7023	61.1	4.14E-01	3.32E-02
2.7028	61.1	3.88E-01	3.11E-02
2.7046	61.1	4.06E-01	3.25E-02
2.7096	61.1	4.16E-01	3.33E-02
2.7104	61.1	4.27E-01	3.42E-02
2.7134	61.1	4.34E-01	3.47E-02
2.7167	61.1	4.22E-01	3.38E-02
2.7171	61.1	4.22E-01	3.38E-02
2.7219	61.1	4.19E-01	3.35E-02
2.7250	61.1	4.18E-01	3.34E-02
2.7276	61.1	4.34E-01	3.47E-02
2.7282	61.1	4.41E-01	3.53E-02
2.7301	61.1	4.25E-01	3.40E-02
2.7320	61.1	4.36E-01	3.49E-02
2.7341	61.1	4.31E-01	3.45E-02
2.7363	61.1	4.40E-01	3.52E-02
2.7392	61.1	4.37E-01	3.50E-02
2.7406	61.1	4.31E-01	3.45E-02
2.7435	61.1	4.25E-01	3.40E-02
2.7462	61.1	4.18E-01	3.34E-02
2.7517	61.1	4.25E-01	3.40E-02
2.7518	61.1	4.30E-01	3.44E-02
2.7528	61.1	4.21E-01	3.37E-02
2.7590	61.1	4.25E-01	3.40E-02
2.7648	61.1	4.34E-01	3.47E-02
2.7661	61.1	4.20E-01	3.36E-02
2.7662	61.1	4.27E-01	3.42E-02
2.7684	61.1	4.18E-01	3.35E-02
2.5045	70.6	2.72E-01	2.17E-02
2.5050	70.6	2.78E-01	2.23E-02
2.5209	70.6	2.72E-01	2.17E-02
2.5354	70.6	2.88E-01	2.31E-02
2.5452	70.6	2.86E-01	2.29E-02
2.5573	70.6	2.95E-01	2.36E-02
2.5695	70.6	2.97E-01	2.38E-02
2.5775	70.6	2.83E-01	2.27E-02
2.5884	70.6	2.93E-01	2.34E-02
2.5999	70.6	3.06E-01	2.45E-02
2.6109	70.6	3.10E-01	2.48E-02
2.6146	70.6	3.00E-01	2.40E-02
2.6225	70.6	3.07E-01	2.46E-02
2.6292	70.6	3.09E-01	2.47E-02
2.6371	70.6	2.99E-01	2.39E-02
2.6402	70.6	2.85E-01	2.28E-02
2.6513	70.6	2.75E-01	2.20E-02
2.6647	70.6	2.57E-01	2.05E-02
2.6685	70.6	2.38E-01	1.91E-02
2.6740	70.6	2.20E-01	1.76E-02
2.6802	70.6	2.09E-01	1.68E-02
2.6862	70.6	2.35E-01	1.88E-02
2.6878	70.6	2.67E-01	2.14E-02
2.6939	70.6	2.72E-01	2.18E-02
2.7042	70.6	2.91E-01	2.33E-02
2.7145	70.6	2.93E-01	2.35E-02
2.7255	70.6	2.95E-01	2.36E-02
2.7383	70.6	2.95E-01	2.36E-02
2.7431	70.6	3.01E-01	2.41E-02
2.7547	70.6	2.97E-01	2.37E-02
2.7621	70.6	2.91E-01	2.33E-02
2.7755	70.6	2.90E-01	2.32E-02
2.7815	70.6	2.95E-01	2.36E-02
2.7888	70.6	2.98E-01	2.38E-02
2.7998	70.6	2.90E-01	2.32E-02
2.8048	70.6	2.74E-01	2.19E-02
2.8309	70.6	2.84E-01	2.27E-02
2.8419	70.6	2.80E-01	2.24E-02
2.8500	70.6	2.50E-01	2.00E-02
2.8517	70.6	2.69E-01	2.15E-02
2.8652	70.6	2.50E-01	2.00E-02
2.8847	70.6	2.47E-01	1.98E-02
2.8920	70.6	2.43E-01	1.95E-02
2.9042	70.6	2.40E-01	1.92E-02
2.9157	70.6	2.51E-01	2.01E-02
2.9207	70.6	2.36E-01	1.89E-02
2.9323	70.6	2.27E-01	1.81E-02
2.9408	70.6	2.33E-01	1.87E-02
2.9499	70.6	2.36E-01	1.89E-02
1.4952	118.8	1.45E-01	1.16E-02
1.4992	118.8	1.47E-01	1.18E-02
1.5022	118.8	1.51E-01	1.21E-02
1.5066	118.8	1.43E-01	1.15E-02
1.5117	118.8	1.45E-01	1.16E-02
1.5118	118.8	1.40E-01	1.12E-02
1.5201	118.8	1.40E-01	1.12E-02
1.5230	118.8	1.47E-01	1.18E-02
1.5325	118.8	1.40E-01	1.12E-02
1.5345	118.8	1.42E-01	1.13E-02
1.5376	118.8	1.43E-01	1.14E-02
1.5377	118.8	1.38E-01	1.10E-02
1.5399	118.8	1.33E-01	1.07E-02
1.5426	118.8	1.46E-01	1.17E-02
1.5439	118.8	1.38E-01	1.11E-02
1.5501	118.8	1.39E-01	1.11E-02
1.5532	118.8	1.37E-01	1.09E-02
1.5615	118.8	1.35E-01	1.08E-02
1.5666	118.8	1.37E-01	1.09E-02
1.5679	118.8	1.31E-01	1.05E-02
1.5707	118.8	1.38E-01	1.11E-02
1.5740	118.8	1.34E-01	1.07E-02
1.5823	118.8	1.32E-01	1.06E-02
1.5843	118.8	1.34E-01	1.07E-02
1.5863	118.8	1.35E-01	1.08E-02
1.5874	118.8	1.31E-01	1.05E-02
1.5885	118.8	1.29E-01	1.03E-02
1.5915	118.8	1.35E-01	1.08E-02
1.5917	118.8	1.28E-01	1.02E-02
1.5956	118.8	1.34E-01	1.07E-02
1.5997	118.8	1.35E-01	1.08E-02
1.5999	118.8	1.31E-01	1.05E-02
1.6038	118.8	1.36E-01	1.09E-02
1.6092	118.8	1.29E-01	1.03E-02
1.6195	118.8	1.30E-01	1.04E-02
1.6276	118.8	1.34E-01	1.07E-02
1.6310	118.8	1.26E-01	1.01E-02
1.6329	118.8	1.31E-01	1.05E-02
1.6392	118.8	1.27E-01	1.02E-02
1.6423	118.8	1.29E-01	1.03E-02
1.6464	118.8	1.30E-01	1.04E-02
1.6497	118.8	1.23E-01	9.82E-03
1.6527	118.8	1.24E-01	9.95E-03
1.6558	118.8	1.25E-01	1.00E-02
1.6599	118.8	1.24E-01	9.91E-03
1.6630	118.8	1.26E-01	1.00E-02
1.6681	118.8	1.27E-01	1.01E-02
1.6703	118.8	1.23E-01	9.83E-03
1.6765	118.8	1.21E-01	9.71E-03
1.6787	118.8	1.19E-01	9.49E-03
1.6828	118.8	1.18E-01	9.41E-03
1.6838	118.8	1.20E-01	9.58E-03
1.6858	118.8	1.21E-01	9.71E-03
1.6860	118.8	1.17E-01	9.37E-03
1.6899	118.8	1.24E-01	9.93E-03
1.6961	118.8	1.24E-01	9.94E-03
1.7013	118.8	1.23E-01	9.81E-03
1.7016	118.8	1.13E-01	9.08E-03
1.7057	118.8	1.12E-01	8.95E-03
1.7064	118.8	1.24E-01	9.94E-03
1.7096	118.8	1.21E-01	9.64E-03
1.7109	118.8	1.12E-01	9.00E-03
1.7112	118.8	1.00E-01	8.00E-03
1.7149	118.8	1.16E-01	9.30E-03
1.7184	118.8	1.02E-01	8.18E-03
1.7209	118.8	1.24E-01	9.91E-03
1.7237	118.8	9.58E-02	7.66E-03
1.7242	118.8	1.16E-01	9.26E-03
1.7267	118.8	1.02E-01	8.18E-03
1.7292	118.8	1.22E-01	9.74E-03
1.7350	118.8	9.80E-02	7.84E-03
1.7392	118.8	9.54E-02	7.63E-03
1.7464	118.8	9.71E-02	7.76E-03
1.7507	118.8	9.22E-02	7.38E-03
1.7578	118.8	9.50E-02	7.60E-03
1.7580	118.8	8.80E-02	7.04E-03
1.7692	118.8	9.56E-02	7.65E-03
1.7704	118.8	9.08E-02	7.26E-03
1.7735	118.8	8.81E-02	7.05E-03
1.7797	118.8	8.98E-02	7.18E-03
1.7849	118.8	8.82E-02	7.05E-03
1.7890	118.8	8.82E-02	7.06E-03
1.7932	118.8	8.50E-02	6.80E-03
1.7964	118.8	8.34E-02	6.67E-03
1.8025	118.8	8.51E-02	6.81E-03
1.8066	118.8	8.62E-02	6.90E-03
1.8108	118.8	8.51E-02	6.81E-03
1.8140	118.8	8.25E-02	6.60E-03
1.8221	118.8	8.58E-02	6.86E-03
1.8335	118.8	8.59E-02	6.87E-03
1.8356	118.8	8.43E-02	6.74E-03
1.8397	118.8	8.43E-02	6.74E-03
1.8481	118.8	8.17E-02	6.53E-03
1.8543	118.8	8.01E-02	6.41E-03
1.8635	118.8	8.34E-02	6.67E-03
1.8677	118.8	8.13E-02	6.50E-03
1.8821	118.8	8.36E-02	6.68E-03
1.8872	118.8	8.36E-02	6.69E-03
1.8903	118.8	8.58E-02	6.86E-03
1.8956	118.8	7.99E-02	6.39E-03
1.8986	118.8	8.31E-02	6.65E-03
1.9048	118.8	8.27E-02	6.61E-03
1.9070	118.8	7.78E-02	6.22E-03
1.9112	118.8	7.78E-02	6.23E-03
1.9153	118.8	7.63E-02	6.10E-03
1.9206	118.8	7.25E-02	5.80E-03
1.9258	118.8	1.07E-01	8.57E-03
1.9265	118.8	8.17E-02	6.54E-03
1.9303	118.8	1.30E-01	1.04E-02
1.9331	118.8	1.06E-01	8.49E-03
1.9417	118.8	9.32E-02	7.46E-03
1.9501	118.8	8.90E-02	7.12E-03
1.9553	118.8	8.74E-02	6.99E-03
1.9615	118.8	8.63E-02	6.91E-03
1.9678	118.8	8.37E-02	6.70E-03
1.9719	118.8	8.43E-02	6.74E-03
1.9770	118.8	8.54E-02	6.83E-03
1.9884	118.8	8.44E-02	6.75E-03
1.9926	118.8	8.23E-02	6.58E-03
1.9967	118.8	8.39E-02	6.71E-03
2.0018	118.8	8.40E-02	6.72E-03
2.0080	118.8	8.51E-02	6.81E-03
2.0132	118.8	8.41E-02	6.72E-03
2.0152	118.8	8.57E-02	6.85E-03
2.0172	118.8	8.73E-02	6.99E-03
2.0224	118.8	8.79E-02	7.03E-03
2.0276	118.8	8.63E-02	6.91E-03
2.0348	118.8	8.58E-02	6.87E-03
2.0503	118.8	8.49E-02	6.79E-03
2.0565	118.8	8.71E-02	6.97E-03
2.0657	118.8	8.88E-02	7.10E-03
2.0719	118.8	8.88E-02	7.11E-03
2.0771	118.8	8.89E-02	7.11E-03
2.0799	118.8	9.97E-02	7.98E-03
2.0879	118.8	1.08E-01	8.63E-03
2.0935	118.8	1.29E-01	1.03E-02
2.0968	118.8	1.55E-01	1.24E-02
2.1024	118.8	2.12E-01	1.69E-02
2.1062	118.8	2.59E-01	2.07E-02
2.1097	118.8	3.16E-01	2.53E-02
2.1137	118.8	2.85E-01	2.28E-02
2.1200	118.8	2.12E-01	1.70E-02
2.1228	118.8	1.85E-01	1.48E-02
2.1269	118.8	1.51E-01	1.21E-02
2.1336	118.8	1.35E-01	1.08E-02
2.1391	118.8	1.22E-01	9.79E-03
2.1414	118.8	1.15E-01	9.18E-03
2.1488	118.8	1.07E-01	8.54E-03
2.1520	118.8	1.03E-01	8.24E-03
2.1583	118.8	9.92E-02	7.94E-03
2.1657	118.8	9.50E-02	7.60E-03
2.1688	118.8	9.61E-02	7.69E-03
2.1699	118.8	9.12E-02	7.30E-03
2.1718	118.8	9.67E-02	7.73E-03
2.1719	118.8	9.45E-02	7.56E-03
2.1752	118.8	8.91E-02	7.13E-03
2.1760	118.8	9.51E-02	7.61E-03
2.1795	118.8	8.10E-02	6.48E-03
2.1845	118.8	8.70E-02	6.96E-03
2.1907	118.8	8.71E-02	6.97E-03
2.1949	118.8	8.55E-02	6.84E-03
2.2020	118.8	8.82E-02	7.06E-03
2.2080	118.8	9.53E-02	7.63E-03
2.2135	118.8	8.51E-02	6.81E-03
2.2197	118.8	8.35E-02	6.68E-03
2.2257	118.8	8.95E-02	7.16E-03
2.2277	118.8	9.39E-02	7.51E-03
2.2339	118.8	9.23E-02	7.38E-03
2.2361	118.8	8.96E-02	7.17E-03
2.2424	118.8	8.48E-02	6.78E-03
2.2466	118.8	8.27E-02	6.61E-03
2.2497	118.8	8.21E-02	6.57E-03
2.2539	118.8	8.11E-02	6.49E-03
2.2569	118.8	8.27E-02	6.62E-03
2.2588	118.8	8.76E-02	7.01E-03
2.2650	118.8	8.87E-02	7.10E-03
2.2700	118.8	9.47E-02	7.58E-03
2.2730	118.8	9.91E-02	7.93E-03
2.2759	118.8	1.03E-01	8.23E-03
2.2823	118.8	9.81E-02	7.85E-03
2.2884	118.8	9.97E-02	7.98E-03
2.2917	118.8	9.33E-02	7.46E-03
2.2978	118.8	9.55E-02	7.64E-03
2.3050	118.8	9.66E-02	7.73E-03
2.3093	118.8	9.23E-02	7.39E-03
2.3144	118.8	9.29E-02	7.43E-03
2.3197	118.8	9.13E-02	7.31E-03
2.3259	118.8	8.82E-02	7.05E-03
2.3311	118.8	8.82E-02	7.06E-03
2.3362	118.8	9.15E-02	7.32E-03
2.3404	118.8	8.93E-02	7.15E-03
2.3497	118.8	8.94E-02	7.15E-03
2.3549	118.8	8.78E-02	7.03E-03
2.3590	118.8	8.84E-02	7.07E-03
2.3631	118.8	8.95E-02	7.16E-03
2.3652	118.8	8.74E-02	6.99E-03
2.3745	118.8	8.80E-02	7.04E-03
2.3754	118.8	9.02E-02	7.21E-03
2.3786	118.8	8.69E-02	6.96E-03
2.3848	118.8	8.65E-02	6.92E-03
2.3920	118.8	8.92E-02	7.14E-03
2.3991	118.8	9.47E-02	7.57E-03
2.4045	118.8	8.50E-02	6.80E-03
2.4087	118.8	8.34E-02	6.67E-03
2.4138	118.8	8.61E-02	6.89E-03
2.4210	118.8	8.51E-02	6.81E-03
2.4252	118.8	8.41E-02	6.73E-03
2.4314	118.8	8.47E-02	6.77E-03
2.4346	118.8	8.04E-02	6.43E-03
2.4406	118.8	8.53E-02	6.82E-03
2.4448	118.8	8.26E-02	6.61E-03
2.4511	118.8	8.05E-02	6.44E-03
2.4572	118.8	8.33E-02	6.66E-03
2.4645	118.8	8.22E-02	6.58E-03
2.4686	118.8	8.33E-02	6.67E-03
2.4718	118.8	8.01E-02	6.41E-03
2.4733	118.8	7.58E-02	6.06E-03
2.4781	118.8	7.64E-02	6.11E-03
2.4801	118.8	7.80E-02	6.24E-03
2.4825	118.8	7.97E-02	6.37E-03
2.4852	118.8	8.02E-02	6.42E-03
2.4888	118.8	7.71E-02	6.17E-03
2.4914	118.8	8.08E-02	6.47E-03
2.4936	118.8	7.60E-02	6.08E-03
2.4937	118.8	7.35E-02	5.88E-03
2.4981	118.8	7.68E-02	6.14E-03
2.4987	118.8	7.71E-02	6.17E-03
2.5049	118.8	7.29E-02	5.83E-03
2.5070	118.8	7.72E-02	6.17E-03
2.5117	118.8	7.35E-02	5.88E-03
2.5142	118.8	7.61E-02	6.09E-03
2.5174	118.8	7.45E-02	5.96E-03
2.5191	118.8	7.19E-02	5.75E-03
2.5204	118.8	7.52E-02	6.01E-03
2.5234	118.8	7.95E-02	6.36E-03
2.5271	118.8	8.26E-02	6.61E-03
2.5274	118.8	8.49E-02	6.79E-03
2.5325	118.8	8.76E-02	7.01E-03
2.5327	118.8	8.56E-02	6.85E-03
2.5395	118.8	9.52E-02	7.62E-03
2.5413	118.8	9.24E-02	7.39E-03
2.5447	118.8	9.15E-02	7.32E-03
2.5475	118.8	8.82E-02	7.05E-03
2.5482	118.8	8.20E-02	6.56E-03
2.5501	118.8	8.56E-02	6.85E-03
2.5533	118.8	8.13E-02	6.50E-03
2.5538	118.8	7.81E-02	6.25E-03
2.5576	118.8	7.59E-02	6.08E-03
2.5606	118.8	7.13E-02	5.71E-03
2.5625	118.8	6.78E-02	5.42E-03
2.5670	118.8	7.01E-02	5.61E-03
2.5700	118.8	6.26E-02	5.01E-03
2.5730	118.8	6.75E-02	5.40E-03
2.5754	118.8	6.80E-02	5.44E-03
2.5784	118.8	6.96E-02	5.57E-03
2.5811	118.8	7.01E-02	5.61E-03
2.5835	118.8	7.13E-02	5.70E-03
2.5861	118.8	6.52E-02	5.22E-03
2.5909	118.8	6.59E-02	5.28E-03
2.5935	118.8	6.26E-02	5.01E-03
2.5961	118.8	6.38E-02	5.11E-03
2.5996	118.8	8.14E-02	6.52E-03
2.6072	118.8	5.88E-02	4.70E-03
2.6086	118.8	6.18E-02	4.94E-03
2.6109	118.8	5.46E-02	4.37E-03
2.6118	118.8	5.69E-02	4.55E-03
2.6146	118.8	6.01E-02	4.81E-03
2.6189	118.8	6.08E-02	4.86E-03
2.6214	118.8	5.39E-02	4.32E-03
2.6232	118.8	5.59E-02	4.47E-03
2.6289	118.8	5.56E-02	4.45E-03
2.6301	118.8	4.91E-02	3.93E-03
2.6304	118.8	5.71E-02	4.57E-03
2.6347	118.8	5.06E-02	4.05E-03
2.6394	118.8	5.01E-02	4.01E-03
2.6419	118.8	5.12E-02	4.10E-03
2.6437	118.8	5.36E-02	4.29E-03
2.6470	118.8	5.40E-02	4.32E-03
2.6486	118.8	6.27E-02	5.02E-03
2.6509	118.8	6.32E-02	5.05E-03
2.6528	118.8	6.75E-02	5.40E-03
2.6542	118.8	6.69E-02	5.36E-03
2.6579	118.8	6.89E-02	5.51E-03
2.6599	118.8	7.14E-02	5.71E-03
2.6604	118.8	7.31E-02	5.85E-03
2.6622	118.8	7.54E-02	6.03E-03
2.6630	118.8	7.35E-02	5.88E-03
2.6653	118.8	7.70E-02	6.16E-03
2.6670	118.8	7.79E-02	6.23E-03
2.6702	118.8	8.12E-02	6.50E-03
2.6726	118.8	9.84E-02	7.87E-03
2.6730	118.8	8.33E-02	6.67E-03
2.6736	118.8	1.00E-01	8.01E-03
2.6763	118.8	1.07E-01	8.52E-03
2.6775	118.8	1.12E-01	8.99E-03
2.6783	118.8	1.15E-01	9.18E-03
2.6796	118.8	1.07E-01	8.57E-03
2.6812	118.8	1.19E-01	9.51E-03
2.6813	118.8	1.19E-01	9.48E-03
2.6830	118.8	1.25E-01	9.97E-03
2.6832	118.8	1.22E-01	9.78E-03
2.6841	118.8	1.29E-01	1.03E-02
2.6873	118.8	1.24E-01	9.92E-03
2.6886	118.8	1.21E-01	9.66E-03
2.6915	118.8	1.21E-01	9.66E-03
2.6918	118.8	1.11E-01	8.89E-03
2.6923	118.8	1.18E-01	9.40E-03
2.6959	118.8	1.12E-01	8.93E-03
2.6961	118.8	1.08E-01	8.65E-03
2.6961	118.8	1.06E-01	8.50E-03
2.6968	118.8	1.16E-01	9.28E-03
2.6992	118.8	1.04E-01	8.34E-03
2.7002	118.8	1.07E-01	8.59E-03
2.7022	118.8	1.08E-01	8.63E-03
2.7064	118.8	1.08E-01	8.63E-03
2.7085	118.8	1.08E-01	8.68E-03
2.7095	118.8	1.08E-01	8.64E-03
2.7104	118.8	1.11E-01	8.90E-03
2.7116	118.8	1.06E-01	8.45E-03
2.7157	118.8	1.07E-01	8.55E-03
2.7160	118.8	1.02E-01	8.19E-03
2.7178	118.8	1.05E-01	8.38E-03
2.7222	118.8	9.94E-02	7.96E-03
2.7272	118.8	1.02E-01	8.17E-03
2.7290	118.8	9.62E-02	7.70E-03
2.7333	118.8	9.33E-02	7.46E-03
2.7335	118.8	9.95E-02	7.96E-03
2.7377	118.8	9.63E-02	7.70E-03
2.7390	118.8	8.75E-02	7.00E-03
2.7410	118.8	8.98E-02	7.19E-03
2.7445	118.8	8.59E-02	6.87E-03
2.7493	118.8	8.61E-02	6.89E-03
2.7532	118.8	8.56E-02	6.84E-03
2.7555	118.8	8.78E-02	7.02E-03
2.7594	118.8	8.01E-02	6.40E-03
2.7608	118.8	8.30E-02	6.64E-03
2.7669	118.8	7.88E-02	6.30E-03
2.7706	118.8	7.20E-02	5.76E-03
2.7711	118.8	8.20E-02	6.56E-03
2.7737	118.8	6.74E-02	5.40E-03
2.7824	118.8	7.17E-02	5.73E-03
2.7911	118.8	6.91E-02	5.53E-03
2.7960	118.8	6.72E-02	5.37E-03
2.7967	118.8	6.33E-02	5.06E-03
2.8041	118.8	6.36E-02	5.09E-03
2.8190	118.8	6.46E-02	5.17E-03
2.8209	118.8	6.07E-02	4.86E-03
2.8271	118.8	5.62E-02	4.49E-03
2.8277	118.8	5.39E-02	4.31E-03
2.8326	118.8	5.91E-02	4.73E-03
2.8413	118.8	6.33E-02	5.07E-03
2.8500	118.8	6.24E-02	4.99E-03
2.8543	118.8	6.01E-02	4.81E-03
2.8673	118.8	5.95E-02	4.76E-03
2.8779	118.8	5.82E-02	4.66E-03
2.8890	118.8	5.69E-02	4.55E-03
2.9020	118.8	5.56E-02	4.45E-03
2.9119	118.8	5.37E-02	4.30E-03
2.9212	118.8	5.63E-02	4.51E-03
2.9361	118.8	5.54E-02	4.43E-03
2.9423	118.8	5.25E-02	4.20E-03
2.9522	118.8	4.76E-02	3.81E-03
2.9634	118.8	4.67E-02	3.73E-03
1.4928	146.8	9.36E-02	7.49E-03
1.4949	146.8	9.25E-02	7.40E-03
1.4966	146.8	1.05E-01	8.43E-03
1.5018	146.8	1.04E-01	8.30E-03
1.5060	146.8	1.01E-01	8.08E-03
1.5174	146.8	9.83E-02	7.86E-03
1.5195	146.8	9.66E-02	7.73E-03
1.5246	146.8	9.77E-02	7.82E-03
1.5288	146.8	9.55E-02	7.64E-03
1.5330	146.8	9.28E-02	7.42E-03
1.5340	146.8	9.50E-02	7.60E-03
1.5349	146.8	9.84E-02	7.87E-03
1.5381	146.8	9.67E-02	7.74E-03
1.5422	146.8	9.51E-02	7.61E-03
1.5484	146.8	9.34E-02	7.48E-03
1.5525	146.8	9.46E-02	7.57E-03
1.5556	146.8	9.63E-02	7.70E-03
1.5567	146.8	9.41E-02	7.53E-03
1.5588	146.8	9.13E-02	7.30E-03
1.5618	146.8	9.30E-02	7.44E-03
1.5660	146.8	9.30E-02	7.44E-03
1.5701	146.8	9.25E-02	7.40E-03
1.5722	146.8	8.91E-02	7.13E-03
1.5732	146.8	9.20E-02	7.36E-03
1.5762	146.8	9.42E-02	7.54E-03
1.5783	146.8	9.20E-02	7.36E-03
1.5805	146.8	8.86E-02	7.09E-03
1.5825	146.8	9.03E-02	7.23E-03
1.5866	146.8	9.15E-02	7.32E-03
1.5886	146.8	9.26E-02	7.41E-03
1.5918	146.8	9.04E-02	7.23E-03
1.5949	146.8	8.82E-02	7.06E-03
1.5980	146.8	8.93E-02	7.15E-03
1.5990	146.8	9.10E-02	7.28E-03
1.6011	146.8	8.82E-02	7.06E-03
1.6022	146.8	8.54E-02	6.84E-03
1.6042	146.8	8.99E-02	7.20E-03
1.6082	146.8	9.11E-02	7.29E-03
1.6083	146.8	8.72E-02	6.97E-03
1.6123	146.8	9.50E-02	7.60E-03
1.6124	146.8	8.89E-02	7.11E-03
1.6134	146.8	9.11E-02	7.29E-03
1.6217	146.8	8.95E-02	7.16E-03
1.6228	146.8	8.67E-02	6.94E-03
1.6259	146.8	8.56E-02	6.85E-03
1.6290	146.8	8.40E-02	6.72E-03
1.6321	146.8	8.62E-02	6.90E-03
1.6382	146.8	8.57E-02	6.86E-03
1.6434	146.8	8.74E-02	6.99E-03
1.6486	146.8	8.47E-02	6.77E-03
1.6527	146.8	8.41E-02	6.73E-03
1.6568	146.8	8.42E-02	6.73E-03
1.6620	146.8	8.48E-02	6.78E-03
1.6692	146.8	8.48E-02	6.79E-03
1.6774	146.8	8.66E-02	6.93E-03
1.6825	146.8	8.72E-02	6.97E-03
1.6877	146.8	8.72E-02	6.98E-03
1.6918	146.8	8.72E-02	6.98E-03
1.6990	146.8	8.78E-02	7.03E-03
1.7030	146.8	8.96E-02	7.16E-03
1.7081	146.8	9.29E-02	7.44E-03
1.7122	146.8	9.30E-02	7.44E-03
1.7153	146.8	9.47E-02	7.57E-03
1.7194	146.8	9.58E-02	7.67E-03
1.7203	146.8	9.98E-02	7.98E-03
1.7245	146.8	9.81E-02	7.85E-03
1.7254	146.8	1.01E-01	8.07E-03
1.7314	146.8	1.09E-01	8.70E-03
1.7347	146.8	1.01E-01	8.08E-03
1.7418	146.8	1.07E-01	8.53E-03
1.7520	146.8	1.11E-01	8.89E-03
1.7651	146.8	1.20E-01	9.62E-03
1.7652	146.8	1.17E-01	9.35E-03
1.7682	146.8	1.22E-01	9.80E-03
1.7722	146.8	1.26E-01	1.01E-02
1.7733	146.8	1.21E-01	9.67E-03
1.7835	146.8	1.27E-01	1.01E-02
1.7896	146.8	1.28E-01	1.03E-02
1.7938	146.8	1.27E-01	1.01E-02
1.7969	146.8	1.28E-01	1.02E-02
1.8010	146.8	1.29E-01	1.03E-02
1.8061	146.8	1.29E-01	1.04E-02
1.8070	146.8	1.34E-01	1.07E-02
1.8102	146.8	1.31E-01	1.05E-02
1.8143	146.8	1.31E-01	1.05E-02
1.8174	146.8	1.32E-01	1.05E-02
1.8226	146.8	1.29E-01	1.03E-02
1.8249	146.8	1.20E-01	9.56E-03
1.8349	146.8	1.31E-01	1.05E-02
1.8352	146.8	1.19E-01	9.53E-03
1.8401	146.8	1.30E-01	1.04E-02
1.8454	146.8	1.24E-01	9.93E-03
1.8525	146.8	1.27E-01	1.02E-02
1.8567	146.8	1.24E-01	9.94E-03
1.8588	146.8	1.22E-01	9.76E-03
1.8629	146.8	1.24E-01	9.90E-03
1.8680	146.8	1.25E-01	9.99E-03
1.8741	146.8	1.29E-01	1.03E-02
1.8742	146.8	1.23E-01	9.86E-03
1.8803	146.8	1.27E-01	1.01E-02
1.8916	146.8	1.28E-01	1.02E-02
1.8957	146.8	1.31E-01	1.05E-02
1.9028	146.8	1.34E-01	1.07E-02
1.9068	146.8	1.39E-01	1.11E-02
1.9106	146.8	1.50E-01	1.20E-02
1.9115	146.8	1.57E-01	1.26E-02
1.9166	146.8	1.59E-01	1.27E-02
1.9183	146.8	1.73E-01	1.38E-02
1.9187	146.8	1.99E-01	1.59E-02
1.9198	146.8	2.36E-01	1.88E-02
1.9238	146.8	3.66E-01	2.93E-02
1.9245	146.8	9.17E-02	7.34E-03
1.9249	146.8	2.38E-01	1.90E-02
1.9250	146.8	2.35E-01	1.88E-02
1.9300	146.8	7.50E-02	6.00E-03
1.9307	146.8	4.81E-02	3.85E-03
1.9322	146.8	7.00E-02	5.60E-03
1.9385	146.8	6.56E-02	5.24E-03
1.9414	146.8	7.28E-02	5.83E-03
1.9442	146.8	8.63E-02	6.90E-03
1.9523	146.8	8.92E-02	7.13E-03
1.9533	146.8	9.20E-02	7.36E-03
1.9625	146.8	9.54E-02	7.63E-03
1.9665	146.8	9.82E-02	7.86E-03
1.9750	146.8	9.04E-02	7.24E-03
1.9810	146.8	9.66E-02	7.73E-03
1.9882	146.8	9.61E-02	7.69E-03
1.9883	146.8	9.33E-02	7.47E-03
1.9934	146.8	9.45E-02	7.56E-03
1.9985	146.8	9.51E-02	7.61E-03
2.0015	146.8	9.96E-02	7.97E-03
2.0088	146.8	9.74E-02	7.79E-03
2.0159	146.8	1.00E-01	8.02E-03
2.0159	146.8	1.02E-01	8.20E-03
2.0179	146.8	1.04E-01	8.29E-03
2.0230	146.8	1.07E-01	8.56E-03
2.0262	146.8	1.03E-01	8.21E-03
2.0324	146.8	1.03E-01	8.21E-03
2.0331	146.8	1.15E-01	9.19E-03
2.0395	146.8	1.06E-01	8.48E-03
2.0424	146.8	1.12E-01	8.98E-03
2.0484	146.8	1.19E-01	9.52E-03
2.0526	146.8	1.15E-01	9.21E-03
2.0543	146.8	1.30E-01	1.04E-02
2.0627	146.8	1.24E-01	9.88E-03
2.0666	146.8	1.34E-01	1.07E-02
2.0717	146.8	1.37E-01	1.10E-02
2.0817	146.8	1.49E-01	1.19E-02
2.0834	146.8	1.61E-01	1.29E-02
2.0879	146.8	1.89E-01	1.51E-02
2.0929	146.8	2.34E-01	1.87E-02
2.0968	146.8	2.87E-01	2.29E-02
2.1052	146.8	4.03E-01	3.22E-02
2.1082	146.8	4.47E-01	3.58E-02
2.1102	146.8	4.08E-01	3.27E-02
2.1118	146.8	3.85E-01	3.08E-02
2.1123	146.8	3.23E-01	2.59E-02
2.1162	146.8	2.50E-01	2.00E-02
2.1208	146.8	1.89E-01	1.52E-02
2.1239	146.8	1.48E-01	1.18E-02
2.1259	146.8	1.09E-01	8.76E-03
2.1277	146.8	7.81E-02	6.25E-03
2.1332	146.8	6.70E-02	5.36E-03
2.1374	146.8	6.14E-02	4.91E-03
2.1466	146.8	6.71E-02	5.37E-03
2.1519	146.8	6.10E-02	4.88E-03
2.1540	146.8	5.88E-02	4.70E-03
2.1591	146.8	6.05E-02	4.84E-03
2.1663	146.8	5.88E-02	4.71E-03
2.1684	146.8	5.66E-02	4.53E-03
2.1716	146.8	5.27E-02	4.22E-03
2.1798	146.8	5.61E-02	4.49E-03
2.1849	146.8	5.79E-02	4.63E-03
2.1891	146.8	5.57E-02	4.45E-03
2.1963	146.8	5.68E-02	4.55E-03
2.2013	146.8	6.30E-02	5.04E-03
2.2062	146.8	6.98E-02	5.58E-03
2.2107	146.8	5.75E-02	4.60E-03
2.2159	146.8	5.31E-02	4.24E-03
2.2213	146.8	4.41E-02	3.53E-03
2.2262	146.8	5.48E-02	4.38E-03
2.2312	146.8	5.82E-02	4.66E-03
2.2342	146.8	6.38E-02	5.11E-03
2.2375	146.8	5.66E-02	4.53E-03
2.2437	146.8	5.61E-02	4.48E-03
2.2468	146.8	5.33E-02	4.26E-03
2.2500	146.8	5.11E-02	4.09E-03
2.2550	146.8	5.45E-02	4.36E-03
2.2560	146.8	5.78E-02	4.63E-03
2.2588	146.8	6.96E-02	5.57E-03
2.2617	146.8	7.52E-02	6.02E-03
2.2680	146.8	7.25E-02	5.80E-03
2.2782	146.8	7.42E-02	5.94E-03
2.2835	146.8	6.98E-02	5.58E-03
2.2918	146.8	6.59E-02	5.27E-03
2.2960	146.8	6.26E-02	5.01E-03
2.3012	146.8	6.10E-02	4.88E-03
2.3063	146.8	6.21E-02	4.97E-03
2.3105	146.8	5.99E-02	4.79E-03
2.3178	146.8	5.72E-02	4.57E-03
2.3229	146.8	5.78E-02	4.62E-03
2.3260	146.8	5.83E-02	4.67E-03
2.3261	146.8	5.55E-02	4.44E-03
2.3333	146.8	5.45E-02	4.36E-03
2.3394	146.8	5.73E-02	4.59E-03
2.3426	146.8	5.40E-02	4.32E-03
2.3498	146.8	5.29E-02	4.23E-03
2.3570	146.8	5.47E-02	4.37E-03
2.3642	146.8	5.41E-02	4.33E-03
2.3674	146.8	5.14E-02	4.11E-03
2.3736	146.8	5.03E-02	4.02E-03
2.3766	146.8	5.54E-02	4.43E-03
2.3807	146.8	5.32E-02	4.25E-03
2.3859	146.8	5.32E-02	4.26E-03
2.3908	146.8	6.22E-02	4.97E-03
2.4015	146.8	4.49E-02	3.59E-03
2.4022	146.8	5.83E-02	4.67E-03
2.4078	146.8	4.33E-02	3.46E-03
2.4150	146.8	4.17E-02	3.33E-03
2.4180	146.8	4.50E-02	3.60E-03
2.4262	146.8	4.57E-02	3.65E-03
2.4325	146.8	4.23E-02	3.39E-03
2.4366	146.8	4.29E-02	3.43E-03
2.4449	146.8	4.30E-02	3.44E-03
2.4501	146.8	4.02E-02	3.22E-03
2.4521	146.8	4.25E-02	3.40E-03
2.4562	146.8	4.14E-02	3.31E-03
2.4625	146.8	3.92E-02	3.14E-03
2.4706	146.8	3.91E-02	3.13E-03
2.4773	146.8	4.04E-02	3.23E-03
2.4858	146.8	4.51E-02	3.61E-03
2.4919	146.8	3.88E-02	3.10E-03
2.4993	146.8	3.71E-02	2.97E-03
2.5023	146.8	3.38E-02	2.70E-03
2.5121	146.8	3.68E-02	2.95E-03
2.5224	146.8	4.05E-02	3.24E-03
2.5291	146.8	3.89E-02	3.11E-03
2.5339	146.8	4.29E-02	3.43E-03
2.5388	146.8	5.13E-02	4.10E-03
2.5436	146.8	4.93E-02	3.94E-03
2.5449	146.8	4.06E-02	3.25E-03
2.5505	146.8	3.49E-02	2.79E-03
2.5572	146.8	2.99E-02	2.39E-03
2.5645	146.8	3.26E-02	2.61E-03
2.5743	146.8	2.89E-02	2.31E-03
2.5810	146.8	2.69E-02	2.15E-03
2.5865	146.8	2.46E-02	1.97E-03
2.5944	146.8	2.36E-02	1.89E-03
2.6005	146.8	2.53E-02	2.02E-03
2.6096	146.8	2.47E-02	1.97E-03
2.6176	146.8	2.47E-02	1.97E-03
2.6248	146.8	2.74E-02	2.19E-03
2.6296	146.8	3.78E-02	3.02E-03
2.6357	146.8	4.12E-02	3.29E-03
2.6412	146.8	3.35E-02	2.68E-03
2.6479	146.8	4.05E-02	3.24E-03
2.6502	146.8	5.56E-02	4.45E-03
2.6557	146.8	5.76E-02	4.61E-03
2.6605	146.8	5.97E-02	4.77E-03
2.6629	146.8	6.30E-02	5.04E-03
2.6635	146.8	6.97E-02	5.58E-03
2.6707	146.8	7.74E-02	6.20E-03
2.6749	146.8	8.95E-02	7.16E-03
2.6772	146.8	1.06E-01	8.45E-03
2.6789	146.8	1.22E-01	9.76E-03
2.6823	146.8	1.56E-01	1.24E-02
2.6956	146.8	1.66E-01	1.33E-02
2.6958	146.8	1.45E-01	1.16E-02
2.6983	146.8	1.29E-01	1.03E-02
2.7021	146.8	1.20E-01	9.61E-03
2.7120	146.8	9.26E-02	7.41E-03
2.7206	146.8	8.60E-02	6.88E-03
2.7225	146.8	7.82E-02	6.26E-03
2.7256	146.8	7.32E-02	5.86E-03
2.7378	146.8	7.12E-02	5.70E-03
2.7396	146.8	6.86E-02	5.49E-03
2.7445	146.8	6.49E-02	5.19E-03
2.7488	146.8	6.83E-02	5.46E-03
2.7573	146.8	6.39E-02	5.11E-03
2.7659	146.8	6.53E-02	5.22E-03
2.7707	146.8	6.97E-02	5.57E-03
2.7756	146.8	6.43E-02	5.14E-03
2.7780	146.8	6.83E-02	5.47E-03
2.7805	146.8	6.50E-02	5.20E-03
2.7902	146.8	6.77E-02	5.42E-03
2.7957	146.8	7.17E-02	5.74E-03
2.7963	146.8	6.80E-02	5.44E-03
2.8006	146.8	6.64E-02	5.31E-03
2.8048	146.8	6.97E-02	5.58E-03
2.8128	146.8	6.74E-02	5.39E-03
2.8219	146.8	6.94E-02	5.56E-03
2.8268	146.8	6.41E-02	5.13E-03
2.8322	146.8	6.85E-02	5.48E-03
2.8377	146.8	6.58E-02	5.26E-03
2.8420	146.8	6.08E-02	4.86E-03
2.8481	146.8	5.98E-02	4.78E-03
2.8567	146.8	6.05E-02	4.84E-03
2.8615	146.8	6.28E-02	5.03E-03
2.8767	146.8	6.39E-02	5.11E-03
2.8859	146.8	6.12E-02	4.90E-03
2.8865	146.8	5.82E-02	4.66E-03
2.8969	146.8	6.02E-02	4.82E-03
2.9036	146.8	5.89E-02	4.71E-03
2.9140	146.8	5.76E-02	4.61E-03
2.9207	146.8	5.39E-02	4.31E-03
2.9311	146.8	5.26E-02	4.21E-03
2.9365	146.8	5.50E-02	4.40E-03
2.9511	146.8	5.87E-02	4.70E-03
2.9567	146.8	5.17E-02	4.13E-03
2.9646	146.8	4.90E-02	3.92E-03
2.9659	146.8	3.56E-02	2.85E-03
1.4914	164.9	9.38E-02	7.50E-03
1.4954	164.9	9.72E-02	7.78E-03
1.5047	164.9	9.56E-02	7.65E-03
1.5059	164.9	8.82E-02	7.06E-03
1.5111	164.9	8.82E-02	7.06E-03
1.5193	164.9	8.77E-02	7.02E-03
1.5265	164.9	8.67E-02	6.93E-03
1.5337	164.9	8.62E-02	6.89E-03
1.5409	164.9	8.62E-02	6.90E-03
1.5461	164.9	8.68E-02	6.95E-03
1.5543	164.9	8.69E-02	6.95E-03
1.5605	164.9	8.64E-02	6.91E-03
1.5686	164.9	8.93E-02	7.14E-03
1.5687	164.9	8.53E-02	6.82E-03
1.5729	164.9	8.36E-02	6.69E-03
1.5761	164.9	8.08E-02	6.46E-03
1.5802	164.9	8.20E-02	6.56E-03
1.5843	164.9	8.20E-02	6.56E-03
1.5905	164.9	8.15E-02	6.52E-03
1.5956	164.9	8.10E-02	6.48E-03
1.6018	164.9	8.21E-02	6.57E-03
1.6121	164.9	7.83E-02	6.26E-03
1.6183	164.9	7.83E-02	6.26E-03
1.6255	164.9	7.89E-02	6.31E-03
1.6317	164.9	7.61E-02	6.09E-03
1.6369	164.9	7.73E-02	6.18E-03
1.6431	164.9	7.57E-02	6.05E-03
1.6482	164.9	7.57E-02	6.06E-03
1.6544	164.9	7.57E-02	6.06E-03
1.6606	164.9	7.52E-02	6.02E-03
1.6615	164.9	7.75E-02	6.20E-03
1.6667	164.9	7.53E-02	6.02E-03
1.6708	164.9	7.70E-02	6.16E-03
1.6718	164.9	7.87E-02	6.30E-03
1.6779	164.9	8.05E-02	6.44E-03
1.6809	164.9	8.33E-02	6.67E-03
1.6830	164.9	8.22E-02	6.58E-03
1.6872	164.9	8.11E-02	6.49E-03
1.6953	164.9	8.57E-02	6.86E-03
1.6983	164.9	8.86E-02	7.09E-03
1.7022	164.9	9.71E-02	7.77E-03
1.7033	164.9	9.43E-02	7.54E-03
1.7094	164.9	9.55E-02	7.64E-03
1.7103	164.9	1.01E-01	8.05E-03
1.7165	164.9	1.01E-01	8.05E-03
1.7205	164.9	1.05E-01	8.37E-03
1.7216	164.9	1.01E-01	8.10E-03
1.7224	164.9	1.11E-01	8.92E-03
1.7254	164.9	1.15E-01	9.19E-03
1.7277	164.9	1.07E-01	8.56E-03
1.7282	164.9	1.25E-01	1.00E-02
1.7334	164.9	1.23E-01	9.88E-03
1.7395	164.9	1.28E-01	1.02E-02
1.7455	164.9	1.32E-01	1.06E-02
1.7565	164.9	1.45E-01	1.16E-02
1.7596	164.9	1.46E-01	1.17E-02
1.7655	164.9	1.57E-01	1.26E-02
1.7706	164.9	1.58E-01	1.26E-02
1.7756	164.9	1.64E-01	1.31E-02
1.7798	164.9	1.62E-01	1.30E-02
1.7828	164.9	1.64E-01	1.31E-02
1.7858	164.9	1.65E-01	1.32E-02
1.7889	164.9	1.67E-01	1.34E-02
1.7920	164.9	1.68E-01	1.34E-02
1.7981	164.9	1.71E-01	1.36E-02
1.8063	164.9	1.72E-01	1.37E-02
1.8071	164.9	1.77E-01	1.41E-02
1.8146	164.9	1.68E-01	1.35E-02
1.8197	164.9	1.69E-01	1.35E-02
1.8289	164.9	1.71E-01	1.37E-02
1.8321	164.9	1.66E-01	1.33E-02
1.8330	164.9	1.71E-01	1.37E-02
1.8372	164.9	1.70E-01	1.36E-02
1.8414	164.9	1.65E-01	1.32E-02
1.8487	164.9	1.60E-01	1.28E-02
1.8509	164.9	1.57E-01	1.25E-02
1.8539	164.9	1.61E-01	1.29E-02
1.8591	164.9	1.57E-01	1.26E-02
1.8662	164.9	1.60E-01	1.28E-02
1.8694	164.9	1.57E-01	1.26E-02
1.8734	164.9	1.63E-01	1.30E-02
1.8755	164.9	1.59E-01	1.27E-02
1.8858	164.9	1.58E-01	1.26E-02
1.8868	164.9	1.60E-01	1.28E-02
1.8930	164.9	1.59E-01	1.27E-02
1.8981	164.9	1.61E-01	1.29E-02
1.9029	164.9	1.73E-01	1.38E-02
1.9061	164.9	1.71E-01	1.37E-02
1.9088	164.9	1.85E-01	1.48E-02
1.9171	164.9	3.44E-01	2.75E-02
1.9179	164.9	5.42E-01	4.33E-02
1.9197	164.9	5.60E-01	4.48E-02
1.9216	164.9	5.77E-01	4.62E-02
1.9264	164.9	2.11E-02	1.69E-03
1.9273	164.9	3.48E-01	2.78E-02
1.9306	164.9	2.19E-01	1.75E-02
1.9373	164.9	7.63E-02	6.10E-03
1.9378	164.9	5.70E-02	4.56E-03
1.9453	164.9	8.71E-02	6.97E-03
1.9492	164.9	9.51E-02	7.61E-03
1.9594	164.9	9.80E-02	7.84E-03
1.9675	164.9	1.03E-01	8.21E-03
1.9719	164.9	9.13E-02	7.30E-03
1.9777	164.9	1.04E-01	8.35E-03
1.9879	164.9	1.08E-01	8.63E-03
1.9922	164.9	1.03E-01	8.27E-03
1.9993	164.9	1.06E-01	8.46E-03
2.0013	164.9	1.09E-01	8.68E-03
2.0088	164.9	9.84E-02	7.87E-03
2.0146	164.9	1.13E-01	9.01E-03
2.0188	164.9	1.10E-01	8.79E-03
2.0217	164.9	1.14E-01	9.11E-03
2.0268	164.9	1.16E-01	9.29E-03
2.0331	164.9	1.13E-01	9.07E-03
2.0371	164.9	1.17E-01	9.34E-03
2.0422	164.9	1.20E-01	9.62E-03
2.0482	164.9	1.25E-01	1.00E-02
2.0522	164.9	1.31E-01	1.04E-02
2.0593	164.9	1.35E-01	1.08E-02
2.0622	164.9	1.43E-01	1.14E-02
2.0671	164.9	1.49E-01	1.19E-02
2.0721	164.9	1.56E-01	1.25E-02
2.0802	164.9	1.61E-01	1.29E-02
2.0816	164.9	1.87E-01	1.50E-02
2.0892	164.9	2.11E-01	1.69E-02
2.0941	164.9	2.63E-01	2.10E-02
2.0944	164.9	3.71E-01	2.97E-02
2.0979	164.9	4.32E-01	3.45E-02
2.1010	164.9	4.72E-01	3.77E-02
2.1039	164.9	4.81E-01	3.85E-02
2.1043	164.9	3.84E-01	3.07E-02
2.1072	164.9	4.72E-01	3.77E-02
2.1086	164.9	3.77E-01	3.01E-02
2.1100	164.9	3.23E-01	2.58E-02
2.1130	164.9	2.45E-01	1.96E-02
2.1175	164.9	1.11E-01	8.85E-03
2.1206	164.9	6.86E-02	5.49E-03
2.1244	164.9	4.37E-02	3.49E-03
2.1269	164.9	2.44E-02	1.95E-03
2.1322	164.9	2.04E-02	1.64E-03
2.1382	164.9	2.56E-02	2.05E-03
2.1411	164.9	3.19E-02	2.55E-03
2.1462	164.9	3.53E-02	2.82E-03
2.1523	164.9	3.71E-02	2.96E-03
2.1594	164.9	4.05E-02	3.24E-03
2.1677	164.9	3.89E-02	3.11E-03
2.1749	164.9	3.95E-02	3.16E-03
2.1810	164.9	4.01E-02	3.21E-03
2.1830	164.9	4.47E-02	3.57E-03
2.1881	164.9	4.64E-02	3.71E-03
2.1953	164.9	4.65E-02	3.72E-03
2.2035	164.9	4.88E-02	3.91E-03
2.2054	164.9	5.22E-02	4.18E-03
2.2108	164.9	4.15E-02	3.32E-03
2.2220	164.9	4.67E-02	3.73E-03
2.2259	164.9	5.52E-02	4.42E-03
2.2290	164.9	5.75E-02	4.60E-03
2.2343	164.9	4.96E-02	3.97E-03
2.2355	164.9	4.40E-02	3.52E-03
2.2407	164.9	4.23E-02	3.38E-03
2.2448	164.9	4.12E-02	3.30E-03
2.2490	164.9	3.95E-02	3.16E-03
2.2508	164.9	4.75E-02	3.80E-03
2.2551	164.9	4.18E-02	3.35E-03
2.2575	164.9	6.74E-02	5.39E-03
2.2628	164.9	6.35E-02	5.08E-03
2.2679	164.9	6.41E-02	5.13E-03
2.2751	164.9	6.47E-02	5.18E-03
2.2813	164.9	6.25E-02	5.00E-03
2.2825	164.9	5.57E-02	4.45E-03
2.2928	164.9	5.58E-02	4.46E-03
2.2949	164.9	5.29E-02	4.23E-03
2.3001	164.9	5.13E-02	4.10E-03
2.3063	164.9	4.96E-02	3.97E-03
2.3094	164.9	4.85E-02	3.88E-03
2.3166	164.9	4.91E-02	3.93E-03
2.3228	164.9	4.86E-02	3.89E-03
2.3322	164.9	4.47E-02	3.58E-03
2.3373	164.9	4.48E-02	3.58E-03
2.3445	164.9	4.37E-02	3.49E-03
2.3528	164.9	4.32E-02	3.45E-03
2.3569	164.9	4.26E-02	3.41E-03
2.3631	164.9	4.27E-02	3.41E-03
2.3672	164.9	4.10E-02	3.28E-03
2.3704	164.9	3.99E-02	3.19E-03
2.3785	164.9	4.28E-02	3.42E-03
2.3837	164.9	4.17E-02	3.34E-03
2.3867	164.9	4.34E-02	3.47E-03
2.3936	164.9	5.54E-02	4.43E-03
2.3970	164.9	4.52E-02	3.62E-03
2.4046	164.9	2.99E-02	2.40E-03
2.4097	164.9	2.89E-02	2.31E-03
2.4180	164.9	2.95E-02	2.36E-03
2.4251	164.9	3.01E-02	2.41E-03
2.4313	164.9	3.24E-02	2.59E-03
2.4334	164.9	3.02E-02	2.41E-03
2.4396	164.9	2.91E-02	2.33E-03
2.4437	164.9	2.86E-02	2.28E-03
2.4489	164.9	2.80E-02	2.24E-03
2.4561	164.9	2.69E-02	2.16E-03
2.4602	164.9	2.81E-02	2.25E-03
2.4632	164.9	2.87E-02	2.30E-03
2.4715	164.9	2.76E-02	2.21E-03
2.4736	164.9	2.65E-02	2.12E-03
2.4754	164.9	2.55E-02	2.04E-03
2.4810	164.9	3.03E-02	2.42E-03
2.4818	164.9	2.66E-02	2.13E-03
2.4841	164.9	2.35E-02	1.88E-03
2.4889	164.9	3.17E-02	2.54E-03
2.4916	164.9	2.15E-02	1.72E-03
2.4922	164.9	2.38E-02	1.91E-03
2.4943	164.9	2.16E-02	1.73E-03
2.4954	164.9	1.93E-02	1.54E-03
2.4978	164.9	2.39E-02	1.91E-03
2.4984	164.9	2.22E-02	1.77E-03
2.5035	164.9	2.22E-02	1.78E-03
2.5058	164.9	2.42E-02	1.94E-03
2.5066	164.9	2.34E-02	1.87E-03
2.5096	164.9	2.45E-02	1.96E-03
2.5120	164.9	2.42E-02	1.94E-03
2.5138	164.9	2.51E-02	2.01E-03
2.5209	164.9	2.57E-02	2.06E-03
2.5225	164.9	2.46E-02	1.97E-03
2.5275	164.9	1.95E-02	1.56E-03
2.5312	164.9	2.39E-02	1.91E-03
2.5324	164.9	2.13E-02	1.70E-03
2.5325	164.9	1.79E-02	1.43E-03
2.5349	164.9	2.97E-02	2.37E-03
2.5393	164.9	2.99E-02	2.39E-03
2.5405	164.9	2.93E-02	2.35E-03
2.5456	164.9	2.82E-02	2.26E-03
2.5492	164.9	2.09E-02	1.67E-03
2.5511	164.9	1.47E-02	1.18E-03
2.5529	164.9	2.26E-02	1.81E-03
2.5561	164.9	1.92E-02	1.54E-03
2.5566	164.9	1.78E-02	1.42E-03
2.5647	164.9	1.41E-02	1.13E-03
2.5654	164.9	1.59E-02	1.27E-03
2.5672	164.9	1.68E-02	1.34E-03
2.5706	164.9	1.48E-02	1.18E-03
2.5736	164.9	1.65E-02	1.32E-03
2.5752	164.9	1.68E-02	1.34E-03
2.5777	164.9	1.44E-02	1.15E-03
2.5777	164.9	1.71E-02	1.37E-03
2.5808	164.9	1.77E-02	1.42E-03
2.5839	164.9	1.60E-02	1.28E-03
2.5851	164.9	1.00E-02	8.01E-04
2.5861	164.9	1.32E-02	1.06E-03
2.5862	164.9	6.39E-03	5.11E-04
2.5864	164.9	1.61E-02	1.29E-03
2.5943	164.9	1.21E-02	9.70E-04
2.5944	164.9	1.75E-02	1.40E-03
2.5950	164.9	2.23E-02	1.78E-03
2.5984	164.9	1.33E-02	1.06E-03
2.6015	164.9	1.50E-02	1.20E-03
2.6023	164.9	2.30E-02	1.84E-03
2.6031	164.9	2.33E-02	1.86E-03
2.6075	164.9	2.19E-02	1.75E-03
2.6092	164.9	2.53E-02	2.03E-03
2.6136	164.9	2.14E-02	1.71E-03
2.6148	164.9	2.70E-02	2.16E-03
2.6156	164.9	2.37E-02	1.89E-03
2.6197	164.9	2.60E-02	2.08E-03
2.6216	164.9	2.06E-02	1.65E-03
2.6247	164.9	2.60E-02	2.08E-03
2.6300	164.9	2.38E-02	1.90E-03
2.6342	164.9	2.21E-02	1.77E-03
2.6403	164.9	2.38E-02	1.91E-03
2.6454	164.9	2.50E-02	2.00E-03
2.6464	164.9	3.39E-02	2.71E-03
2.6484	164.9	2.90E-02	2.32E-03
2.6514	164.9	2.95E-02	2.36E-03
2.6526	164.9	3.59E-02	2.87E-03
2.6555	164.9	3.42E-02	2.73E-03
2.6575	164.9	3.22E-02	2.57E-03
2.6618	164.9	2.97E-02	2.38E-03
2.6643	164.9	3.49E-02	2.79E-03
2.6648	164.9	3.14E-02	2.51E-03
2.6689	164.9	3.26E-02	2.61E-03
2.6728	164.9	4.17E-02	3.34E-03
2.6742	164.9	5.80E-02	4.64E-03
2.6760	164.9	7.50E-02	6.00E-03
2.6776	164.9	5.54E-02	4.43E-03
2.6778	164.9	4.63E-02	3.70E-03
2.6802	164.9	1.06E-01	8.45E-03
2.6802	164.9	7.41E-02	5.93E-03
2.6819	164.9	1.51E-01	1.20E-02
2.6832	164.9	1.32E-01	1.06E-02
2.6835	164.9	1.05E-01	8.43E-03
2.6869	164.9	1.47E-01	1.18E-02
2.6870	164.9	1.71E-01	1.37E-02
2.6885	164.9	1.50E-01	1.20E-02
2.6888	164.9	1.29E-01	1.04E-02
2.6914	164.9	1.05E-01	8.42E-03
2.6938	164.9	1.47E-01	1.18E-02
2.6963	164.9	1.70E-01	1.36E-02
2.6963	164.9	1.29E-01	1.03E-02
2.6964	164.9	8.18E-02	6.55E-03
2.6980	164.9	1.04E-01	8.30E-03
2.6983	164.9	6.55E-02	5.24E-03
2.7016	164.9	8.28E-02	6.62E-03
2.7030	164.9	6.58E-02	5.26E-03
2.7064	164.9	4.48E-02	3.58E-03
2.7108	164.9	4.48E-02	3.59E-03
2.7139	164.9	3.02E-02	2.42E-03
2.7170	164.9	2.34E-02	1.87E-03
2.7173	164.9	3.07E-02	2.46E-03
2.7217	164.9	2.16E-02	1.73E-03
2.7238	164.9	2.37E-02	1.90E-03
2.7350	164.9	2.61E-02	2.09E-03
2.7350	164.9	2.29E-02	1.83E-03
2.7356	164.9	2.99E-02	2.39E-03
2.7422	164.9	2.46E-02	1.97E-03
2.7431	164.9	2.86E-02	2.29E-03
2.7467	164.9	3.02E-02	2.42E-03
2.7524	164.9	2.81E-02	2.25E-03
2.7529	164.9	3.33E-02	2.66E-03
2.7584	164.9	3.16E-02	2.53E-03
2.7585	164.9	3.50E-02	2.80E-03
2.7653	164.9	3.77E-02	3.02E-03
2.7666	164.9	3.39E-02	2.71E-03
2.7707	164.9	3.57E-02	2.85E-03
2.7737	164.9	3.91E-02	3.13E-03
2.7895	164.9	3.91E-02	3.13E-03
2.7950	164.9	4.22E-02	3.37E-03
2.8086	164.9	5.34E-02	4.27E-03
2.8328	164.9	5.34E-02	4.27E-03
2.8347	164.9	4.53E-02	3.62E-03
2.8446	164.9	4.63E-02	3.70E-03
2.8637	164.9	5.21E-02	4.17E-03
2.8811	164.9	5.89E-02	4.71E-03
2.9040	164.9	5.32E-02	4.25E-03
2.9201	164.9	5.32E-02	4.25E-03
2.9474	164.9	5.01E-02	4.01E-03
2.9635	164.9	4.74E-02	3.79E-03

