(1.42024e-05,-6.35591e-06)
(-0.000115455,-0.000258292)
(6.39778e-10,1.72071e-06)
(1.06302e-05,2.67449e-08)
(-4.4912e-06,2.00992e-06)
(3.65102e-05,8.16791e-05)
(-2.54073e-07,-1.13482e-07)
(-9.68174e-06,2.16751e-05)
(2.57392e-07,1.14964e-07)
(2.20881e-06,-4.94397e-06)
(5.9781e-07,1.06758e-06)
(0.000138025,-7.72896e-05)
(6.915e-08,3.08858e-08)
(2.63503e-06,-5.8992e-06)
(-1.37582e-07,-6.14508e-08)
(-1.18066e-06,2.64266e-06)
(2.8359e-11,2.97215e-08)
(4.19152e-06,-3.99844e-09)
(2.57689e-05,-1.2639e-05)
(-0.000132369,-0.000270834)
(3.77389e-09,3.12699e-06)
(1.1873e-05,8.50687e-08)
(-8.14884e-06,3.99681e-06)
(4.18587e-05,8.56452e-05)
(-5.14839e-07,-1.81797e-07)
(-8.35531e-06,2.36558e-05)
(5.18298e-07,1.83018e-07)
(1.97902e-06,-5.59842e-06)
(1.48142e-06,2.01398e-06)
(0.000134446,-9.88921e-05)
(1.40121e-07,4.94789e-08)
(2.27403e-06,-6.43828e-06)
(-2.77042e-07,-9.78275e-08)
(-1.05783e-06,2.99248e-06)
(1.05963e-08,6.45863e-08)
(4.50225e-06,-7.38656e-07)
(3.65447e-05,-1.90077e-05)
(-0.000144989,-0.00028063)
(1.0655e-08,4.4367e-06)
(1.28806e-05,1.66285e-07)
(-1.15564e-05,6.01076e-06)
(4.58497e-05,8.87431e-05)
(-7.84936e-07,-2.31614e-07)
(-7.39492e-06,2.50455e-05)
(7.86865e-07,2.32184e-07)
(1.80125e-06,-6.08866e-06)
(2.51807e-06,2.90913e-06)
(0.000131178,-0.00011354)
(2.13633e-07,6.30374e-08)
(2.01264e-06,-6.81653e-06)
(-4.20597e-07,-1.24107e-07)
(-9.62807e-07,3.25452e-06)
(2.77233e-08,1.02144e-07)
(4.68067e-06,-1.27039e-06)
(4.47645e-05,-2.41401e-05)
(-0.000153547,-0.000287495)
(1.94429e-08,5.43475e-06)
(1.35996e-05,2.44412e-07)
(-1.41558e-05,7.63377e-06)
(4.85557e-05,9.0914e-05)
(-1.00598e-06,-2.61565e-07)
(-6.75577e-06,2.59546e-05)
(1.00577e-06,2.61508e-07)
(1.67752e-06,-6.42354e-06)
(3.42945e-06,3.59312e-06)
(0.000128768,-0.000122894)
(2.73794e-07,7.1189e-08)
(1.83869e-06,-7.06394e-06)
(-5.37605e-07,-1.39782e-07)
(-8.96674e-07,3.43353e-06)
(4.53302e-08,1.33457e-07)
(4.78168e-06,-1.62414e-06)
(6.33316e-05,-3.64893e-05)
(-0.000170876,-0.000301975)
(5.42445e-08,7.68484e-06)
(1.51344e-05,4.67893e-07)
(-2.00272e-05,1.15389e-05)
(5.40356e-05,9.5493e-05)
(-1.54807e-06,-3.0526e-07)
(-5.48506e-06,2.7733e-05)
(1.54009e-06,3.03688e-07)
(1.41869e-06,-7.11166e-06)
(5.83747e-06,5.12529e-06)
(0.000123545,-0.000140691)
(4.2133e-07,8.30811e-08)
(1.49285e-06,-7.54798e-06)
(-8.23215e-07,-1.62328e-07)
(-7.58324e-07,3.80134e-06)
(9.94236e-08,2.11295e-07)
(4.94708e-06,-2.32775e-06)
(7.3458e-05,-4.36268e-05)
(-0.00017956,-0.000309534)
(8.40194e-08,8.90937e-06)
(1.59381e-05,6.14818e-07)
(-2.32295e-05,1.3796e-05)
(5.67818e-05,9.78831e-05)
(-1.86705e-06,-3.15566e-07)
(-4.85739e-06,2.86004e-05)
(1.85324e-06,3.13232e-07)
(1.28463e-06,-7.46318e-06)
(7.34378e-06,5.94684e-06)
(0.000120796,-0.000149137)
(5.08148e-07,8.58861e-08)
(1.32201e-06,-7.78406e-06)
(-9.90601e-07,-1.67429e-07)
(-6.86665e-07,3.98923e-06)
(1.37372e-07,2.5738e-07)
(5.01363e-06,-2.67583e-06)
(0.000108184,-7.00835e-05)
(-0.000207,-0.000334786)
(2.62519e-07,1.30975e-05)
(1.85976e-05,1.23273e-06)
(-3.42107e-05,2.21623e-05)
(6.5459e-05,0.000105869)
(-3.0793e-06,-2.79248e-07)
(-2.89692e-06,3.12787e-05)
(3.0373e-06,2.75439e-07)
(8.40738e-07,-8.61397e-06)
(1.35022e-05,8.64454e-06)
(0.000111681,-0.000174324)
(8.38079e-07,7.60016e-08)
(7.88441e-07,-8.51297e-06)
(-1.6235e-06,-1.47228e-07)
(-4.49393e-07,4.60436e-06)
(3.1487e-07,4.31795e-07)
(5.16767e-06,-3.76794e-06)
(0.000112585,-7.36497e-05)
(-0.000210303,-0.000337968)
(2.95171e-07,1.36277e-05)
(1.89279e-05,1.3221e-06)
(-3.56026e-05,2.32901e-05)
(6.65037e-05,0.000106875)
(-3.24587e-06,-2.66606e-07)
(-2.6621e-06,3.15973e-05)
(3.19941e-06,2.62791e-07)
(7.85141e-07,-8.75739e-06)
(1.43921e-05,8.97004e-06)
(0.000110547,-0.000177236)
(8.83413e-07,7.2561e-08)
(7.24532e-07,-8.59969e-06)
(-1.71016e-06,-1.40467e-07)
(-4.19676e-07,4.68102e-06)
(3.4287e-07,4.55524e-07)
(5.18125e-06,-3.89946e-06)
(0.000131699,-8.96905e-05)
(-0.000224359,-0.000351839)
(4.68059e-07,1.593e-05)
(2.03525e-05,1.7346e-06)
(-4.16469e-05,2.83626e-05)
(7.09487e-05,0.000111261)
(-4.00319e-06,-1.89949e-07)
(-1.66326e-06,3.29498e-05)
(3.93515e-06,1.8672e-07)
(5.43256e-07,-9.38128e-06)
(1.85466e-05,1.03313e-05)
(0.000105638,-0.000189414)
(1.08953e-06,5.16975e-08)
(4.52682e-07,-8.96779e-06)
(-2.10343e-06,-9.98062e-08)
(-2.90383e-07,5.0145e-06)
(4.79885e-07,5.62349e-07)
(5.22869e-06,-4.46117e-06)
(0.000131807,-8.97833e-05)
(-0.000224437,-0.000351918)
(4.69184e-07,1.59429e-05)
(2.03604e-05,1.73702e-06)
(-4.16809e-05,2.8392e-05)
(7.09733e-05,0.000111286)
(-4.00761e-06,-1.89415e-07)
(-1.65772e-06,3.29573e-05)
(3.93944e-06,1.86193e-07)
(5.41891e-07,-9.3848e-06)
(1.85714e-05,1.03387e-05)
(0.000105611,-0.000189481)
(1.09073e-06,5.15523e-08)
(4.51174e-07,-8.96983e-06)
(-2.10572e-06,-9.95246e-08)
(-2.89653e-07,5.01639e-06)
(4.80729e-07,5.62966e-07)
(5.2289e-06,-4.4643e-06)
(0.000131878,-8.98452e-05)
(-0.000224489,-0.00035197)
(4.69935e-07,1.59516e-05)
(2.03658e-05,1.73864e-06)
(-4.17035e-05,2.84115e-05)
(7.09897e-05,0.000111303)
(-4.01055e-06,-1.89059e-07)
(-1.65402e-06,3.29623e-05)
(3.9423e-06,1.85841e-07)
(5.4098e-07,-9.38715e-06)
(1.85879e-05,1.03436e-05)
(0.000105592,-0.000189525)
(1.09153e-06,5.14554e-08)
(4.50168e-07,-8.97119e-06)
(-2.10725e-06,-9.93364e-08)
(-2.89166e-07,5.01764e-06)
(4.81292e-07,5.63378e-07)
(5.22905e-06,-4.46638e-06)
(0.000182383,-0.000136787)
(-0.00026036,-0.000389699)
(1.22407e-06,2.20647e-05)
(2.41125e-05,2.98314e-06)
(-5.76746e-05,4.32558e-05)
(8.2333e-05,0.000123233)
(-6.29223e-06,1.98605e-07)
(9.10236e-07,3.64289e-05)
(6.14937e-06,-1.94096e-07)
(-1.16049e-07,-1.1095e-05)
(3.19829e-05,1.3431e-05)
(9.25071e-05,-0.000219516)
(1.71253e-06,-5.40535e-08)
(-2.47735e-07,-9.91469e-06)
(-3.28698e-06,1.03749e-07)
(6.2031e-08,5.93054e-06)
(9.79352e-07,8.71873e-07)
(5.28159e-06,-5.92985e-06)
(0.000195061,-0.000149692)
(-0.000269275,-0.000399539)
(1.49538e-06,2.36144e-05)
(2.5063e-05,3.32219e-06)
(-6.16838e-05,4.73366e-05)
(8.51521e-05,0.000126345)
(-6.93384e-06,3.42726e-07)
(1.55404e-06,3.73013e-05)
(6.76823e-06,-3.3454e-07)
(-2.88045e-07,-1.15483e-05)
(3.59444e-05,1.40625e-05)
(8.91359e-05,-0.000226821)
(1.88715e-06,-9.32781e-08)
(-4.22957e-07,-1.01521e-05)
(-3.61777e-06,1.78819e-07)
(1.53966e-07,6.17284e-06)
(1.13994e-06,9.54462e-07)
(5.28074e-06,-6.30319e-06)
(0.000202302,-0.000157283)
(-0.000274376,-0.000405241)
(1.66764e-06,2.45037e-05)
(2.56099e-05,3.51947e-06)
(-6.39735e-05,4.97373e-05)
(8.67654e-05,0.000128149)
(-7.31379e-06,4.34447e-07)
(1.92392e-06,3.78033e-05)
(7.13446e-06,-4.23794e-07)
(-3.8797e-07,-1.18133e-05)
(3.83254e-05,1.43923e-05)
(8.71861e-05,-0.000230985)
(1.99056e-06,-1.18241e-07)
(-5.23625e-07,-1.02888e-05)
(-3.81353e-06,2.26528e-07)
(2.07379e-07,6.31445e-06)
(1.23898e-06,1.00244e-06)
(5.27789e-06,-6.5189e-06)
(0.000207291,-0.000162611)
(-0.000277899,-0.000409208)
(1.79408e-06,2.51184e-05)
(2.59887e-05,3.65679e-06)
(-6.5551e-05,5.14222e-05)
(8.78794e-05,0.000129403)
(-7.5815e-06,5.01807e-07)
(2.17999e-06,3.81512e-05)
(7.3924e-06,-4.89291e-07)
(-4.57599e-07,-1.19986e-05)
(4.0018e-05,1.46055e-05)
(8.5831e-05,-0.000233854)
(2.06342e-06,-1.36575e-07)
(-5.93317e-07,-1.03835e-05)
(-3.9514e-06,2.61537e-07)
(2.44597e-07,6.41353e-06)
(1.31048e-06,1.03581e-06)
(5.27492e-06,-6.66878e-06)
(0.00021353,-0.000169391)
(-0.000282318,-0.000414215)
(1.96155e-06,2.589e-05)
(2.64652e-05,3.83002e-06)
(-6.75242e-05,5.35663e-05)
(8.92768e-05,0.000130986)
(-7.92338e-06,5.9102e-07)
(2.50195e-06,3.85892e-05)
(7.7217e-06,-5.75976e-07)
(-5.45648e-07,-1.22339e-05)
(4.21971e-05,1.48553e-05)
(8.41212e-05,-0.000237449)
(2.15647e-06,-1.60855e-07)
(-6.80945e-07,-1.05026e-05)
(-4.12742e-06,3.07872e-07)
(2.91661e-07,6.5393e-06)
(1.40383e-06,1.07791e-06)
(5.27005e-06,-6.85789e-06)
(0.000219586,-0.000176098)
(-0.000286623,-0.000419124)
(2.13437e-06,2.66417e-05)
(2.69308e-05,3.99956e-06)
(-6.94391e-05,5.56872e-05)
(9.06381e-05,0.000132539)
(-8.26284e-06,6.8305e-07)
(2.81644e-06,3.90175e-05)
(8.04855e-06,-6.65336e-07)
(-6.32171e-07,-1.24662e-05)
(4.43796e-05,1.50789e-05)
(8.2445e-05,-0.000240945)
(2.24886e-06,-1.85903e-07)
(-7.66537e-07,-1.06192e-05)
(-4.30213e-06,3.55637e-07)
(3.3791e-07,6.66346e-06)
(1.49874e-06,1.11912e-06)
(5.2641e-06,-7.04333e-06)
(0.000231696,-0.000189904)
(-0.000295295,-0.0004291)
(2.51229e-06,2.81551e-05)
(2.78729e-05,4.34235e-06)
(-7.32686e-05,6.0053e-05)
(9.33806e-05,0.000135693)
(-8.96539e-06,8.84059e-07)
(3.45247e-06,3.98856e-05)
(8.72474e-06,-8.60329e-07)
(-8.08636e-07,-1.29433e-05)
(4.89542e-05,1.54667e-05)
(7.90375e-05,-0.000247977)
(2.44007e-06,-2.4061e-07)
(-9.39642e-07,-1.08555e-05)
(-4.66357e-06,4.59865e-07)
(4.32234e-07,6.91847e-06)
(1.70209e-06,1.20252e-06)
(5.24849e-06,-7.42062e-06)
(0.000235214,-0.000194018)
(-0.000297834,-0.00043204)
(2.63062e-06,2.85976e-05)
(2.81497e-05,4.44277e-06)
(-7.43812e-05,6.1354e-05)
(9.41835e-05,0.000136623)
(-9.17568e-06,9.46908e-07)
(3.63929e-06,4.01411e-05)
(8.92708e-06,-9.21253e-07)
(-8.60825e-07,-1.30853e-05)
(5.03381e-05,1.55635e-05)
(7.80323e-05,-0.000250034)
(2.4973e-06,-2.57716e-07)
(-9.90489e-07,-1.0925e-05)
(-4.77172e-06,4.92431e-07)
(4.6013e-07,6.99438e-06)
(1.76474e-06,1.22698e-06)
(5.24301e-06,-7.53203e-06)
(0.000235545,-0.000194408)
(-0.000298074,-0.000432318)
(2.64197e-06,2.86393e-05)
(2.81758e-05,4.45224e-06)
(-7.4486e-05,6.14772e-05)
(9.42592e-05,0.000136711)
(-9.19562e-06,9.52931e-07)
(3.65693e-06,4.01652e-05)
(8.94627e-06,-9.27091e-07)
(-8.6576e-07,-1.30987e-05)
(5.04696e-05,1.55722e-05)
(7.79373e-05,-0.000250227)
(2.50273e-06,-2.59355e-07)
(-9.95289e-07,-1.09316e-05)
(-4.78198e-06,4.95551e-07)
(4.62768e-07,7.00157e-06)
(1.77072e-06,1.22929e-06)
(5.24247e-06,-7.54256e-06)
(0.0002437,-0.000204141)
(-0.000304,-0.000439213)
(2.93279e-06,2.96705e-05)
(2.88237e-05,4.68625e-06)
(-7.70647e-05,6.45551e-05)
(9.61332e-05,0.000138891)
(-9.69484e-06,1.1072e-06)
(4.09416e-06,4.07642e-05)
(9.42651e-06,-1.07655e-06)
(-9.8853e-07,-1.34346e-05)
(5.37826e-05,1.57656e-05)
(7.55771e-05,-0.000255024)
(2.6386e-06,-3.01341e-07)
(-1.11429e-06,-1.10946e-05)
(-5.03868e-06,5.75441e-07)
(5.28392e-07,7.18109e-06)
(1.92288e-06,1.28634e-06)
(5.228e-06,-7.80446e-06)
(0.000250853,-0.000212904)
(-0.000309251,-0.000445355)
(3.20687e-06,3.05816e-05)
(2.93997e-05,4.89272e-06)
(-7.93266e-05,6.73262e-05)
(9.77936e-05,0.000140834)
(-1.01461e-05,1.25232e-06)
(4.48279e-06,4.12977e-05)
(9.86056e-06,-1.21708e-06)
(-1.09831e-06,-1.3737e-05)
(5.68083e-05,1.58994e-05)
(7.3471e-05,-0.000259271)
(2.76143e-06,-3.4084e-07)
(-1.22006e-06,-1.12398e-05)
(-5.27069e-06,6.50555e-07)
(5.87073e-07,7.34274e-06)
(2.06432e-06,1.33676e-06)
(5.21333e-06,-8.03854e-06)
(0.000260988,-0.000225705)
(-0.000316789,-0.000454216)
(3.62777e-06,3.18846e-05)
(3.02298e-05,5.18677e-06)
(-8.25316e-05,7.13741e-05)
(0.000100178,0.000143636)
(-1.08083e-05,1.47473e-06)
(5.04274e-06,4.20684e-05)
(1.04974e-05,-1.43229e-06)
(-1.25751e-06,-1.41792e-05)
(6.12995e-05,1.60268e-05)
(7.04235e-05,-0.000265365)
(2.94166e-06,-4.0137e-07)
(-1.37246e-06,-1.14496e-05)
(-5.61107e-06,7.65594e-07)
(6.72166e-07,7.57911e-06)
(2.27842e-06,1.40869e-06)
(5.18923e-06,-8.37802e-06)
(0.00026686,-0.00023334)
(-0.000321218,-0.00045944)
(3.89025e-06,3.26466e-05)
(3.07192e-05,5.35774e-06)
(-8.43884e-05,7.37885e-05)
(0.000101578,0.000145288)
(-1.12049e-05,1.61315e-06)
(5.37271e-06,4.25237e-05)
(1.08786e-05,-1.56618e-06)
(-1.35184e-06,-1.44434e-05)
(6.40173e-05,1.60647e-05)
(6.86207e-05,-0.000268944)
(3.04958e-06,-4.39044e-07)
(-1.46227e-06,-1.15735e-05)
(-5.81487e-06,8.37159e-07)
(7.22589e-07,7.7203e-06)
(2.41033e-06,1.45058e-06)
(5.17341e-06,-8.57934e-06)
(0.000272621,-0.000240995)
(-0.000325612,-0.000464635)
(4.16191e-06,3.33997e-05)
(3.12059e-05,5.52578e-06)
(-8.62102e-05,7.62094e-05)
(0.000102967,0.00014693)
(-1.16036e-05,1.75621e-06)
(5.70081e-06,4.29773e-05)
(1.1262e-05,-1.7045e-06)
(-1.446e-06,-1.47086e-05)
(6.6771e-05,1.60744e-05)
(6.68233e-05,-0.000272495)
(3.1581e-06,-4.77979e-07)
(-1.55156e-06,-1.1697e-05)
(-6.01979e-06,9.11096e-07)
(7.72919e-07,7.86209e-06)
(2.54573e-06,1.4918e-06)
(5.15651e-06,-8.78046e-06)
(0.000275836,-0.000245342)
(-0.000328087,-0.000467565)
(4.31988e-06,3.38225e-05)
(3.14806e-05,5.61965e-06)
(-8.72269e-05,7.7584e-05)
(0.00010375,0.000147857)
(-1.18305e-05,1.83931e-06)
(5.88594e-06,4.32337e-05)
(1.14801e-05,-1.78484e-06)
(-1.49928e-06,-1.48594e-05)
(6.83471e-05,1.60673e-05)
(6.5807e-05,-0.000274495)
(3.21984e-06,-5.00597e-07)
(-1.60195e-06,-1.17667e-05)
(-6.13638e-06,9.54037e-07)
(8.01398e-07,7.9427e-06)
(2.624e-06,1.51485e-06)
(5.14647e-06,-8.89436e-06)
(0.000280376,-0.000251575)
(-0.000331613,-0.000471742)
(4.55109e-06,3.44229e-05)
(3.18726e-05,5.75227e-06)
(-8.86628e-05,7.95549e-05)
(0.000104865,0.000149178)
(-1.21563e-05,1.96082e-06)
(6.14999e-06,4.35998e-05)
(1.17934e-05,-1.90228e-06)
(-1.57545e-06,-1.5076e-05)
(7.06226e-05,1.60414e-05)
(6.43549e-05,-0.000277344)
(3.30854e-06,-5.33667e-07)
(-1.67382e-06,-1.18664e-05)
(-6.30386e-06,1.01681e-06)
(8.42114e-07,8.05846e-06)
(2.73798e-06,1.54742e-06)
(5.1315e-06,-9.05737e-06)
(0.000283606,-0.000256077)
(-0.000334143,-0.000474741)
(4.7215e-06,3.48524e-05)
(3.21543e-05,5.84661e-06)
(-8.9684e-05,8.09787e-05)
(0.000105665,0.000150126)
(-1.23921e-05,2.0503e-06)
(6.33976e-06,4.38633e-05)
(1.20202e-05,-1.98876e-06)
(-1.63032e-06,-1.52327e-05)
(7.22776e-05,1.60111e-05)
(6.33095e-05,-0.000279389)
(3.37271e-06,-5.58021e-07)
(-1.72546e-06,-1.19381e-05)
(-6.42505e-06,1.06303e-06)
(8.71441e-07,8.1422e-06)
(2.8216e-06,1.57061e-06)
(5.12029e-06,-9.17491e-06)
(0.000289067,-0.000263827)
(-0.000338469,-0.000479871)
(5.02146e-06,3.55836e-05)
(3.26368e-05,6.00609e-06)
(-9.14109e-05,8.34295e-05)
(0.000107033,0.000151748)
(-1.27988e-05,2.20765e-06)
(6.66456e-06,4.43149e-05)
(1.24112e-05,-2.14079e-06)
(-1.72446e-06,-1.55028e-05)
(7.51481e-05,1.59364e-05)
(6.15167e-05,-0.000282884)
(3.48339e-06,-6.00846e-07)
(-1.81386e-06,-1.2061e-05)
(-6.63406e-06,1.1443e-06)
(9.21763e-07,8.2866e-06)
(2.96804e-06,1.60982e-06)
(5.10021e-06,-9.37686e-06)
(0.000293971,-0.00027094)
(-0.000342406,-0.000484541)
(5.30405e-06,3.62457e-05)
(3.3077e-05,6.1492e-06)
(-9.29617e-05,8.56787e-05)
(0.000108278,0.000153225)
(-1.31728e-05,2.35572e-06)
(6.96073e-06,4.47275e-05)
(1.27709e-05,-2.28384e-06)
(-1.81054e-06,-1.57514e-05)
(7.78065e-05,1.58429e-05)
(5.98783e-05,-0.000286067)
(3.58519e-06,-6.41146e-07)
(-1.89447e-06,-1.21733e-05)
(-6.82632e-06,1.22076e-06)
(9.67777e-07,8.41945e-06)
(3.10522e-06,1.64501e-06)
(5.08093e-06,-9.56187e-06)
(0.000297931,-0.000276795)
(-0.000345626,-0.000488359)
(5.54186e-06,3.67846e-05)
(3.34375e-05,6.26463e-06)
(-9.4214e-05,8.75302e-05)
(0.000109297,0.000154433)
(-1.34813e-05,2.48022e-06)
(7.20319e-06,4.50658e-05)
(1.30675e-05,-2.40409e-06)
(-1.88118e-06,-1.59564e-05)
(8.00115e-05,1.5748e-05)
(5.85344e-05,-0.000288669)
(3.66914e-06,-6.75029e-07)
(-1.96046e-06,-1.22654e-05)
(-6.98487e-06,1.28504e-06)
(1.00554e-06,8.52905e-06)
(3.22013e-06,1.67339e-06)
(5.0646e-06,-9.71422e-06)
(0.000303315,-0.00028492)
(-0.000350065,-0.000493618)
(5.87958e-06,3.75233e-05)
(3.39355e-05,6.42126e-06)
(-9.59165e-05,9.00997e-05)
(0.0001107,0.000156096)
(-1.39102e-05,2.65685e-06)
(7.53785e-06,4.55337e-05)
(1.348e-05,-2.57469e-06)
(-1.97891e-06,-1.62417e-05)
(8.30967e-05,1.55898e-05)
(5.66759e-05,-0.000292257)
(3.78587e-06,-7.23104e-07)
(-2.05154e-06,-1.23927e-05)
(-7.20536e-06,1.37623e-06)
(1.05777e-06,8.68155e-06)
(3.38258e-06,1.7119e-06)
(5.04073e-06,-9.92481e-06)
(0.00030849,-0.000292924)
(-0.000354405,-0.000498753)
(6.22085e-06,3.82407e-05)
(3.44234e-05,6.57145e-06)
(-9.75532e-05,9.26306e-05)
(0.000112073,0.00015772)
(-1.43334e-05,2.83518e-06)
(7.86551e-06,4.59927e-05)
(1.38872e-05,-2.74691e-06)
(-2.07482e-06,-1.65236e-05)
(8.6163e-05,1.54038e-05)
(5.48523e-05,-0.000295765)
(3.90106e-06,-7.71637e-07)
(-2.14072e-06,-1.25176e-05)
(-7.423e-06,1.46828e-06)
(1.10904e-06,8.83222e-06)
(3.54594e-06,1.74879e-06)
(5.01638e-06,-1.01323e-05)
(0.000311755,-0.000298073)
(-0.000357182,-0.000502035)
(6.44491e-06,3.86972e-05)
(3.47361e-05,6.66593e-06)
(-9.85856e-05,9.42589e-05)
(0.000112951,0.000158757)
(-1.46062e-05,2.95217e-06)
(8.07533e-06,4.62871e-05)
(1.41496e-05,-2.85988e-06)
(-2.13635e-06,-1.67054e-05)
(8.81503e-05,1.52683e-05)
(5.36825e-05,-0.00029801)
(3.9753e-06,-8.03479e-07)
(-2.19783e-06,-1.25978e-05)
(-7.56326e-06,1.52867e-06)
(1.14193e-06,8.92942e-06)
(3.65281e-06,1.77197e-06)
(5.00021e-06,-1.02657e-05)
(0.000316776,-0.000306154)
(-0.000361518,-0.000507149)
(6.80355e-06,3.94055e-05)
(3.5225e-05,6.81078e-06)
(-0.000100173,9.68145e-05)
(0.000114322,0.000160374)
(-1.50349e-05,3.13932e-06)
(8.40315e-06,4.67478e-05)
(1.45621e-05,-3.04061e-06)
(-2.23266e-06,-1.69916e-05)
(9.12913e-05,1.50311e-05)
(5.18518e-05,-0.000301514)
(4.09197e-06,-8.54415e-07)
(-2.28705e-06,-1.27231e-05)
(-7.78377e-06,1.62527e-06)
(1.19341e-06,9.08239e-06)
(3.8233e-06,1.80746e-06)
(4.97403e-06,-1.0475e-05)
(0.000320599,-0.000312445)
(-0.000364874,-0.000511099)
(7.08858e-06,3.99501e-05)
(3.56042e-05,6.92063e-06)
(-0.000101382,9.88037e-05)
(0.000115383,0.000161624)
(-1.5369e-05,3.28796e-06)
(8.65713e-06,4.71054e-05)
(1.48837e-05,-3.18414e-06)
(-2.30742e-06,-1.7215e-05)
(9.37548e-05,1.48255e-05)
(5.04308e-05,-0.000304227)
(4.18292e-06,-8.94869e-07)
(-2.35617e-06,-1.28205e-05)
(-7.95569e-06,1.70199e-06)
(1.23337e-06,9.20183e-06)
(3.95834e-06,1.83432e-06)
(4.953e-06,-1.0638e-05)
(-7.46407e-10,-2.0075e-06)
(-1.09015e-05,-3.17602e-08)
(1.41028e-05,-6.31133e-06)
(-0.000102365,-0.000229039)
(-8.73476e-08,-3.90138e-08)
(-2.99479e-06,6.70457e-06)
(1.68971e-07,7.54708e-08)
(1.19967e-06,-2.68508e-06)
(1.78953e-07,3.19576e-07)
(3.42507e-05,-1.91792e-05)
(-2.66851e-07,-1.19189e-07)
(-9.14925e-06,2.04828e-05)
(2.75928e-07,1.23243e-07)
(1.95906e-06,-4.38471e-06)
(6.93082e-07,1.23771e-06)
(0.000132653,-7.42809e-05)
(1.04305e-11,1.09316e-08)
(1.14962e-06,-1.09658e-09)
(3.2984e-11,3.45688e-08)
(3.63541e-06,-3.46768e-09)
(-4.41153e-09,-3.65533e-06)
(-1.23197e-05,-1.01324e-07)
(2.56008e-05,-1.25566e-05)
(-0.000118128,-0.000241792)
(-1.77358e-07,-6.26276e-08)
(-2.6009e-06,7.36354e-06)
(3.40436e-07,1.20213e-07)
(1.08661e-06,-3.07326e-06)
(4.42763e-07,6.01934e-07)
(3.35723e-05,-2.46942e-05)
(-5.41837e-07,-1.9133e-07)
(-7.94589e-06,2.2496e-05)
(5.5593e-07,1.96307e-07)
(1.77443e-06,-5.01861e-06)
(1.71482e-06,2.33128e-06)
(0.000130025,-9.56401e-05)
(3.89147e-09,2.37191e-08)
(1.24766e-06,-2.04696e-07)
(1.23059e-08,7.50063e-08)
(3.94546e-06,-6.47306e-07)
(-1.24732e-08,-5.19381e-06)
(-1.34755e-05,-1.9851e-07)
(3.63197e-05,-1.88907e-05)
(-0.000129973,-0.000251749)
(-2.70789e-07,-7.9903e-08)
(-2.31221e-06,7.83063e-06)
(5.17062e-07,1.52572e-07)
(9.96746e-07,-3.36762e-06)
(7.51779e-07,8.68534e-07)
(3.29004e-05,-2.84764e-05)
(-8.27275e-07,-2.44108e-07)
(-7.06393e-06,2.3923e-05)
(8.44359e-07,2.49149e-07)
(1.62768e-06,-5.49929e-06)
(2.91163e-06,3.36382e-06)
(0.000127423,-0.000110288)
(1.01706e-08,3.74728e-08)
(1.3065e-06,-3.54597e-07)
(3.21624e-08,1.18499e-07)
(4.1315e-06,-1.12133e-06)
(-2.27826e-08,-6.3683e-06)
(-1.43031e-05,-2.92236e-07)
(4.45e-05,-2.39975e-05)
(-0.00013804,-0.000258724)
(-3.47367e-07,-9.03185e-08)
(-2.11851e-06,8.13809e-06)
(6.61102e-07,1.71893e-07)
(9.33121e-07,-3.57024e-06)
(1.02316e-06,1.07199e-06)
(3.23878e-05,-3.091e-05)
(-1.06122e-06,-2.75928e-07)
(-6.47217e-06,2.48623e-05)
(1.07958e-06,2.80699e-07)
(1.52378e-06,-5.83017e-06)
(3.96268e-06,4.15181e-06)
(0.000125437,-0.000119714)
(1.66188e-08,4.89272e-08)
(1.34093e-06,-4.55454e-07)
(5.25531e-08,1.54722e-07)
(4.24038e-06,-1.44027e-06)
(-6.36839e-08,-9.02213e-06)
(-1.60762e-05,-5.61256e-07)
(6.29892e-05,-3.6292e-05)
(-0.000154447,-0.000273432)
(-5.35489e-07,-1.05592e-07)
(-1.72982e-06,8.74359e-06)
(1.01294e-06,1.9974e-07)
(7.97546e-07,-3.99003e-06)
(1.73928e-06,1.52708e-06)
(3.12439e-05,-3.55789e-05)
(-1.63595e-06,-3.22588e-07)
(-5.28468e-06,2.67121e-05)
(1.65413e-06,3.26174e-07)
(1.30239e-06,-6.51568e-06)
(6.73619e-06,5.91436e-06)
(0.000121007,-0.000137797)
(3.64035e-08,7.73649e-08)
(1.39975e-06,-6.58618e-07)
(1.15118e-07,2.44649e-07)
(4.42639e-06,-2.08273e-06)
(-9.8733e-08,-1.04696e-05)
(-1.7008e-05,-7.38717e-07)
(7.30793e-05,-4.34019e-05)
(-0.0001627,-0.000281109)
(-6.46369e-07,-1.09248e-07)
(-1.53613e-06,9.04066e-06)
(1.21929e-06,2.06082e-07)
(7.26178e-07,-4.20606e-06)
(2.18671e-06,1.77076e-06)
(3.06281e-05,-3.78126e-05)
(-1.97469e-06,-3.33758e-07)
(-4.69296e-06,2.76197e-05)
(1.99109e-06,3.3653e-07)
(1.18584e-06,-6.86846e-06)
(8.46911e-06,6.85811e-06)
(0.000118622,-0.000146447)
(5.02677e-08,9.41815e-08)
(1.4246e-06,-7.60317e-07)
(1.5896e-07,2.97828e-07)
(4.50498e-06,-2.40433e-06)
(-3.09389e-07,-1.54359e-05)
(-2.01043e-05,-1.48918e-06)
(0.000107712,-6.97777e-05)
(-0.000188885,-0.000306757)
(-1.06867e-06,-9.69127e-08)
(-9.24561e-07,9.9641e-06)
(2.00032e-06,1.814e-07)
(4.85372e-07,-4.9196e-06)
(4.01315e-06,2.56934e-06)
(2.85363e-05,-4.45374e-05)
(-3.26484e-06,-2.96073e-07)
(-2.82458e-06,3.04408e-05)
(3.2665e-06,2.96224e-07)
(7.92609e-07,-8.03367e-06)
(1.55429e-05,9.95101e-06)
(0.00011052,-0.000172493)
(1.15014e-07,1.57724e-07)
(1.48686e-06,-1.0841e-06)
(3.63707e-07,4.98767e-07)
(4.70187e-06,-3.42822e-06)
(-3.47989e-07,-1.60662e-05)
(-2.04902e-05,-1.5982e-06)
(0.000112105,-7.33354e-05)
(-0.000192047,-0.00030999)
(-1.12679e-06,-9.25514e-08)
(-8.50678e-07,1.00745e-05)
(2.10734e-06,1.73091e-07)
(4.54798e-07,-5.00912e-06)
(4.27676e-06,2.66553e-06)
(2.82713e-05,-4.5321e-05)
(-3.4424e-06,-2.82749e-07)
(-2.59887e-06,3.07782e-05)
(3.44127e-06,2.82656e-07)
(7.42681e-07,-8.17985e-06)
(1.65638e-05,1.03236e-05)
(0.000109494,-0.000175527)
(1.25217e-07,1.66358e-07)
(1.4929e-06,-1.12354e-06)
(3.95971e-07,5.26071e-07)
(4.72096e-06,-3.55294e-06)
(-5.52614e-07,-1.88077e-05)
(-2.21573e-05,-2.10295e-06)
(0.00013119,-8.93438e-05)
(-0.000205517,-0.000324085)
(-1.3913e-06,-6.60162e-08)
(-5.35014e-07,1.05444e-05)
(2.59332e-06,1.23051e-07)
(3.20883e-07,-5.39987e-06)
(5.50665e-06,3.06744e-06)
(2.71156e-05,-4.86104e-05)
(-4.25049e-06,-2.01683e-07)
(-1.63449e-06,3.22136e-05)
(4.23487e-06,2.00941e-07)
(5.24e-07,-8.81795e-06)
(2.13271e-05,1.18802e-05)
(0.000105018,-0.000188267)
(1.7511e-07,2.05201e-07)
(1.51549e-06,-1.29297e-06)
(5.53748e-07,6.48904e-07)
(4.7924e-06,-4.08874e-06)
(-5.53947e-07,-1.88232e-05)
(-2.21667e-05,-2.10593e-06)
(0.000131297,-8.94365e-05)
(-0.000205592,-0.000324165)
(-1.39284e-06,-6.58313e-08)
(-5.33256e-07,1.0547e-05)
(2.59615e-06,1.22704e-07)
(3.20123e-07,-5.40208e-06)
(5.51396e-06,3.06962e-06)
(2.7109e-05,-4.86285e-05)
(-4.25521e-06,-2.01118e-07)
(-1.62913e-06,3.22215e-05)
(4.23949e-06,2.00375e-07)
(5.22759e-07,-8.82156e-06)
(2.13555e-05,1.18886e-05)
(0.000104993,-0.000188337)
(1.75418e-07,2.05426e-07)
(1.5156e-06,-1.29392e-06)
(5.54719e-07,6.49613e-07)
(4.79276e-06,-4.09174e-06)
(-5.54837e-07,-1.88335e-05)
(-2.21729e-05,-2.10791e-06)
(0.000131369,-8.94982e-05)
(-0.000205642,-0.000324218)
(-1.39387e-06,-6.57077e-08)
(-5.32085e-07,1.05487e-05)
(2.59804e-06,1.22472e-07)
(3.19616e-07,-5.40356e-06)
(5.51884e-06,3.07108e-06)
(2.71047e-05,-4.86405e-05)
(-4.25836e-06,-2.0074e-07)
(-1.62555e-06,3.22268e-05)
(4.24258e-06,1.99997e-07)
(5.21931e-07,-8.82397e-06)
(2.13744e-05,1.18942e-05)
(0.000104976,-0.000188384)
(1.75622e-07,2.05575e-07)
(1.51568e-06,-1.29455e-06)
(5.55367e-07,6.50087e-07)
(4.79299e-06,-4.09374e-06)
(-1.45044e-06,-2.61451e-05)
(-2.65799e-05,-3.6453e-06)
(0.000181866,-0.000136399)
(-0.000240122,-0.000362595)
(-2.19285e-06,6.92141e-08)
(2.87699e-07,1.17603e-05)
(4.05809e-06,-1.28088e-07)
(-5.00956e-08,-6.48264e-06)
(9.47716e-06,3.97987e-06)
(2.3958e-05,-5.68226e-05)
(-6.69927e-06,2.11453e-07)
(8.78936e-07,3.59283e-05)
(6.62683e-06,-2.09166e-07)
(-8.18058e-08,-1.05861e-05)
(3.67049e-05,1.5414e-05)
(9.27888e-05,-0.000220073)
(3.56672e-07,3.17529e-07)
(1.5525e-06,-1.74286e-06)
(1.1279e-06,1.00412e-06)
(4.90945e-06,-5.51141e-06)
(-1.77348e-06,-2.80059e-05)
(-2.77028e-05,-4.06801e-06)
(0.000194557,-0.000149305)
(-0.00024871,-0.000372616)
(-2.41799e-06,1.19516e-07)
(4.95407e-07,1.20666e-05)
(4.46803e-06,-2.20846e-07)
(-1.48008e-07,-6.77097e-06)
(1.06462e-05,4.1651e-06)
(2.31342e-05,-5.88315e-05)
(-7.38708e-06,3.65128e-07)
(1.51349e-06,3.6864e-05)
(7.29626e-06,-3.60639e-07)
(-2.41697e-07,-1.10569e-05)
(4.12324e-05,1.61314e-05)
(8.95984e-05,-0.000227853)
(4.14972e-07,3.47452e-07)
(1.55735e-06,-1.85863e-06)
(1.31226e-06,1.09874e-06)
(4.92479e-06,-5.87749e-06)
(-1.97876e-06,-2.90751e-05)
(-2.83497e-05,-4.31478e-06)
(0.000201809,-0.0001569)
(-0.000253628,-0.000378426)
(-2.55139e-06,1.51556e-07)
(6.15047e-07,1.2243e-05)
(4.71073e-06,-2.79822e-07)
(-2.05069e-07,-6.93981e-06)
(1.13485e-05,4.26167e-06)
(2.26556e-05,-5.99792e-05)
(-7.79464e-06,4.6301e-07)
(1.879e-06,3.74031e-05)
(7.69258e-06,-4.56948e-07)
(-3.34877e-07,-1.13327e-05)
(4.39525e-05,1.65054e-05)
(8.77448e-05,-0.000232298)
(4.50912e-07,3.64825e-07)
(1.55939e-06,-1.92575e-06)
(1.42591e-06,1.15368e-06)
(4.93121e-06,-6.08975e-06)
(-2.12953e-06,-2.98148e-05)
(-2.87982e-05,-4.4869e-06)
(0.000206806,-0.000162231)
(-0.000257024,-0.000382469)
(-2.64543e-06,1.75097e-07)
(6.98003e-07,1.23654e-05)
(4.88171e-06,-3.23112e-07)
(-2.44902e-07,-7.05807e-06)
(1.18476e-05,4.32405e-06)
(2.23232e-05,-6.07744e-05)
(-8.08192e-06,5.34929e-07)
(2.13243e-06,3.7777e-05)
(7.9718e-06,-5.2764e-07)
(-3.99923e-07,-1.15258e-05)
(4.58856e-05,1.6747e-05)
(8.64575e-05,-0.000235378)
(4.76854e-07,3.76907e-07)
(1.56048e-06,-1.97249e-06)
(1.50794e-06,1.19188e-06)
(4.93466e-06,-6.23755e-06)
(-2.3293e-06,-3.07438e-05)
(-2.93627e-05,-4.70447e-06)
(0.000213058,-0.000169017)
(-0.000261286,-0.000387573)
(-2.76556e-06,2.06288e-07)
(8.02451e-07,1.25196e-05)
(5.10005e-06,-3.80422e-07)
(-2.95352e-07,-7.20835e-06)
(1.24901e-05,4.39707e-06)
(2.19003e-05,-6.17644e-05)
(-8.44891e-06,6.3022e-07)
(2.45153e-06,3.82479e-05)
(8.32834e-06,-6.21227e-07)
(-4.82308e-07,-1.17712e-05)
(4.83739e-05,1.70298e-05)
(8.48195e-05,-0.000239213)
(5.10712e-07,3.92143e-07)
(1.56148e-06,-2.03157e-06)
(1.61501e-06,1.24006e-06)
(4.93784e-06,-6.42438e-06)
(-2.53558e-06,-3.16497e-05)
(-2.99149e-05,-4.91789e-06)
(0.000219127,-0.00017573)
(-0.000265439,-0.00039258)
(-2.88488e-06,2.38479e-07)
(9.04624e-07,1.26704e-05)
(5.31683e-06,-4.39517e-07)
(-3.4501e-07,-7.35686e-06)
(1.31334e-05,4.46235e-06)
(2.14857e-05,-6.27318e-05)
(-8.81345e-06,7.28566e-07)
(2.76367e-06,3.87088e-05)
(8.68234e-06,-7.17728e-07)
(-5.63398e-07,-1.20137e-05)
(5.08654e-05,1.72826e-05)
(8.32138e-05,-0.000242959)
(5.4513e-07,4.07053e-07)
(1.56208e-06,-2.08962e-06)
(1.72385e-06,1.28722e-06)
(4.93972e-06,-6.60795e-06)
(-2.98704e-06,-3.34756e-05)
(-3.10334e-05,-5.3509e-06)
(0.000231268,-0.000189554)
(-0.00027381,-0.000402759)
(-3.13197e-06,3.08837e-07)
(1.1117e-06,1.29765e-05)
(5.76548e-06,-5.68522e-07)
(-4.46525e-07,-7.66239e-06)
(1.44813e-05,4.57524e-06)
(2.06398e-05,-6.46808e-05)
(-9.56832e-06,9.43513e-07)
(3.39631e-06,3.96439e-05)
(9.41498e-06,-9.28393e-07)
(-7.29172e-07,-1.25126e-05)
(5.60857e-05,1.77198e-05)
(7.99377e-05,-0.000250508)
(6.18844e-07,4.37212e-07)
(1.56212e-06,-2.20807e-06)
(1.95696e-06,1.38259e-06)
(4.93986e-06,-6.98254e-06)
(-3.12849e-06,-3.40099e-05)
(-3.13624e-05,-5.47814e-06)
(0.000234797,-0.000193674)
(-0.000276261,-0.00040576)
(-3.20596e-06,3.30848e-07)
(1.17264e-06,1.30667e-05)
(5.89977e-06,-6.08843e-07)
(-4.76605e-07,-7.75346e-06)
(1.48889e-05,4.60334e-06)
(2.03895e-05,-6.52516e-05)
(-9.79437e-06,1.01076e-06)
(3.58247e-06,3.99193e-05)
(9.63429e-06,-9.94236e-07)
(-7.78293e-07,-1.26613e-05)
(5.76645e-05,1.78287e-05)
(7.89683e-05,-0.000252718)
(6.41549e-07,4.46053e-07)
(1.56184e-06,-2.24314e-06)
(2.02876e-06,1.41054e-06)
(4.93898e-06,-7.09342e-06)
(-3.14205e-06,-3.40603e-05)
(-3.13935e-05,-5.49015e-06)
(0.000235129,-0.000194064)
(-0.000276492,-0.000406044)
(-3.21298e-06,3.32957e-07)
(1.1784e-06,1.30752e-05)
(5.91251e-06,-6.12706e-07)
(-4.79451e-07,-7.76208e-06)
(1.49277e-05,4.60587e-06)
(2.03659e-05,-6.53055e-05)
(-9.81581e-06,1.0172e-06)
(3.60006e-06,3.99454e-05)
(9.65509e-06,-1.00054e-06)
(-7.8294e-07,-1.26754e-05)
(5.78145e-05,1.78385e-05)
(7.88766e-05,-0.000252927)
(6.43718e-07,4.46887e-07)
(1.56181e-06,-2.24645e-06)
(2.03561e-06,1.41318e-06)
(4.93888e-06,-7.10391e-06)
(-3.4899e-06,-3.53066e-05)
(-3.21642e-05,-5.78746e-06)
(0.000243309,-0.000203814)
(-0.000282216,-0.000413086)
(-3.3887e-06,3.87006e-07)
(1.3212e-06,1.32867e-05)
(6.23135e-06,-7.1165e-07)
(-5.50314e-07,-7.97768e-06)
(1.59032e-05,4.66181e-06)
(1.97768e-05,-6.66385e-05)
(-1.03527e-05,1.18232e-06)
(4.03635e-06,4.05914e-05)
(1.01758e-05,-1.16212e-06)
(-8.98658e-07,-1.30275e-05)
(6.1593e-05,1.80551e-05)
(7.6595e-05,-0.00025809)
(6.98846e-07,4.67505e-07)
(1.56062e-06,-2.32904e-06)
(2.20994e-06,1.47838e-06)
(4.93512e-06,-7.36506e-06)
(-3.81794e-06,-3.6409e-05)
(-3.28502e-05,-6.05066e-06)
(0.000250488,-0.000212594)
(-0.000287289,-0.00041936)
(-3.54764e-06,4.3788e-07)
(1.44835e-06,1.34752e-05)
(6.51963e-06,-8.04709e-07)
(-6.13788e-07,-8.17205e-06)
(1.6794e-05,4.70026e-06)
(1.92496e-05,-6.78205e-05)
(-1.08382e-05,1.33775e-06)
(4.42479e-06,4.11674e-05)
(1.06465e-05,-1.31408e-06)
(-1.00231e-06,-1.33449e-05)
(6.5043e-05,1.8204e-05)
(7.45533e-05,-0.000262668)
(7.50074e-07,4.85715e-07)
(1.55897e-06,-2.40302e-06)
(2.37194e-06,1.53596e-06)
(4.9299e-06,-7.59902e-06)
(-4.32212e-06,-3.79873e-05)
(-3.38401e-05,-6.42706e-06)
(0.000260663,-0.000225424)
(-0.000294575,-0.000428419)
(-3.78096e-06,5.15887e-07)
(1.63189e-06,1.37477e-05)
(6.94273e-06,-9.4729e-07)
(-7.06e-07,-8.45666e-06)
(1.81158e-05,4.73637e-06)
(1.84843e-05,-6.95193e-05)
(-1.1551e-05,1.57606e-06)
(4.9855e-06,4.2e-05)
(1.13374e-05,-1.54692e-06)
(-1.15289e-06,-1.38097e-05)
(7.0162e-05,1.83439e-05)
(7.15894e-05,-0.000269247)
(8.276e-07,5.11685e-07)
(1.55562e-06,-2.5106e-06)
(2.6171e-06,1.61809e-06)
(4.9193e-06,-7.93921e-06)
(-4.63676e-06,-3.89113e-05)
(-3.44243e-05,-6.6468e-06)
(0.00026656,-0.000233078)
(-0.000298856,-0.000433763)
(-3.92075e-06,5.64464e-07)
(1.74022e-06,1.39089e-05)
(7.19616e-06,-1.03602e-06)
(-7.60731e-07,-8.62689e-06)
(1.89153e-05,4.74667e-06)
(1.80303e-05,-7.05185e-05)
(-1.19781e-05,1.72447e-06)
(5.31647e-06,4.24923e-05)
(1.17513e-05,-1.69181e-06)
(-1.24227e-06,-1.40876e-05)
(7.32588e-05,1.83838e-05)
(6.98312e-05,-0.000273117)
(8.75349e-07,5.26803e-07)
(1.55311e-06,-2.57454e-06)
(2.7681e-06,1.6659e-06)
(4.91137e-06,-8.14141e-06)
(-4.96259e-06,-3.98252e-05)
(-3.50058e-05,-6.86343e-06)
(0.000272348,-0.000240754)
(-0.000303106,-0.000439079)
(-4.06135e-06,6.14686e-07)
(1.84808e-06,1.40695e-05)
(7.45104e-06,-1.12772e-06)
(-8.1542e-07,-8.79799e-06)
(1.97253e-05,4.74865e-06)
(1.75768e-05,-7.15107e-05)
(-1.24076e-05,1.8779e-06)
(5.64597e-06,4.2983e-05)
(1.21675e-05,-1.84155e-06)
(-1.33158e-06,-1.4367e-05)
(7.6396e-05,1.83914e-05)
(6.80745e-05,-0.00027696)
(9.24352e-07,5.41673e-07)
(1.55023e-06,-2.63853e-06)
(2.92306e-06,1.71292e-06)
(4.90226e-06,-8.34377e-06)
(-5.15214e-06,-4.03387e-05)
(-3.53343e-05,-6.98475e-06)
(0.000275579,-0.000245114)
(-0.0003055,-0.000442078)
(-4.14137e-06,6.43868e-07)
(1.90899e-06,1.41603e-05)
(7.59609e-06,-1.18098e-06)
(-8.46391e-07,-8.89533e-06)
(2.01889e-05,4.74607e-06)
(1.73199e-05,-7.207e-05)
(-1.26521e-05,1.96705e-06)
(5.83205e-06,4.32604e-05)
(1.24044e-05,-1.92854e-06)
(-1.38215e-06,-1.4526e-05)
(7.81911e-05,1.83815e-05)
(6.70797e-05,-0.000279126)
(9.52674e-07,5.49983e-07)
(1.54843e-06,-2.67482e-06)
(3.01262e-06,1.7392e-06)
(4.89658e-06,-8.45851e-06)
(-5.43012e-06,-4.10716e-05)
(-3.57959e-05,-7.1585e-06)
(0.000280143,-0.000251365)
(-0.000308911,-0.000446355)
(-4.25634e-06,6.86548e-07)
(1.99593e-06,1.429e-05)
(7.8045e-06,-1.25887e-06)
(-8.90702e-07,-9.03519e-06)
(2.0858e-05,4.73772e-06)
(1.69524e-05,-7.28673e-05)
(-1.30033e-05,2.09744e-06)
(6.09767e-06,4.36567e-05)
(1.27447e-05,-2.05572e-06)
(-1.45451e-06,-1.47544e-05)
(8.07825e-05,1.83491e-05)
(6.56564e-05,-0.000282214)
(9.93914e-07,5.61729e-07)
(1.54566e-06,-2.7268e-06)
(3.14303e-06,1.77634e-06)
(4.88781e-06,-8.62291e-06)
(-5.63429e-06,-4.15903e-05)
(-3.61404e-05,-7.27903e-06)
(0.000283389,-0.000255882)
(-0.000311359,-0.000449428)
(-4.33956e-06,7.17987e-07)
(2.05846e-06,1.43834e-05)
(7.95533e-06,-1.31622e-06)
(-9.2264e-07,-9.13643e-06)
(2.13445e-05,4.72829e-06)
(1.66875e-05,-7.34399e-05)
(-1.32576e-05,2.19349e-06)
(6.28871e-06,4.3942e-05)
(1.2991e-05,-2.14938e-06)
(-1.50667e-06,-1.49197e-05)
(8.26671e-05,1.83126e-05)
(6.46305e-05,-0.000284432)
(1.02416e-06,5.70087e-07)
(1.54352e-06,-2.76433e-06)
(3.23869e-06,1.80277e-06)
(4.88103e-06,-8.74157e-06)
(-5.99462e-06,-4.24797e-05)
(-3.67184e-05,-7.48667e-06)
(0.00028888,-0.000263657)
(-0.000315545,-0.000454684)
(-4.4831e-06,7.73284e-07)
(2.16559e-06,1.45436e-05)
(8.21553e-06,-1.41709e-06)
(-9.77483e-07,-9.31114e-06)
(2.21884e-05,4.70542e-06)
(1.62326e-05,-7.44194e-05)
(-1.36961e-05,2.36242e-06)
(6.61598e-06,4.44313e-05)
(1.34159e-05,-2.31409e-06)
(-1.59622e-06,-1.5205e-05)
(8.59352e-05,1.8224e-05)
(6.28684e-05,-0.000288225)
(1.07713e-06,5.84217e-07)
(1.53955e-06,-2.82889e-06)
(3.40618e-06,1.84746e-06)
(4.86848e-06,-8.94572e-06)
(-6.33426e-06,-4.32858e-05)
(-3.7246e-05,-7.67362e-06)
(0.000293813,-0.000270794)
(-0.000319357,-0.000459472)
(-4.61517e-06,8.25339e-07)
(2.26337e-06,1.46899e-05)
(8.45493e-06,-1.51201e-06)
(-1.02767e-06,-9.47198e-06)
(2.29697e-05,4.67707e-06)
(1.58161e-05,-7.5312e-05)
(-1.40996e-05,2.52145e-06)
(6.9147e-06,4.48785e-05)
(1.38068e-05,-2.4691e-06)
(-1.67819e-06,-1.54677e-05)
(8.89611e-05,1.81142e-05)
(6.12553e-05,-0.000291682)
(1.12674e-06,5.96895e-07)
(1.53561e-06,-2.88811e-06)
(3.56305e-06,1.88755e-06)
(4.85602e-06,-9.13301e-06)
(-6.6202e-06,-4.39421e-05)
(-3.76786e-05,-7.82489e-06)
(0.000297797,-0.00027667)
(-0.000322475,-0.000463387)
(-4.72411e-06,8.69117e-07)
(2.34349e-06,1.481e-05)
(8.65241e-06,-1.59182e-06)
(-1.06889e-06,-9.60477e-06)
(2.36176e-05,4.64848e-06)
(1.54739e-05,-7.60423e-05)
(-1.44324e-05,2.6552e-06)
(7.15948e-06,4.52453e-05)
(1.41293e-05,-2.59944e-06)
(-1.74549e-06,-1.56845e-05)
(9.14707e-05,1.80035e-05)
(5.99302e-05,-0.000294511)
(1.16828e-06,6.07118e-07)
(1.53215e-06,-2.93686e-06)
(3.69444e-06,1.91988e-06)
(4.84509e-06,-9.28717e-06)
(-7.02646e-06,-4.48426e-05)
(-3.82764e-05,-8.03085e-06)
(0.000303215,-0.000284827)
(-0.000326774,-0.000468783)
(-4.87563e-06,9.31249e-07)
(2.45417e-06,1.49761e-05)
(8.92709e-06,-1.70508e-06)
(-1.12595e-06,-9.78966e-06)
(2.45241e-05,4.60096e-06)
(1.5e-05,-7.705e-05)
(-1.48953e-05,2.84501e-06)
(7.49762e-06,4.57528e-05)
(1.45779e-05,-2.78439e-06)
(-1.83867e-06,-1.59864e-05)
(9.49813e-05,1.78194e-05)
(5.80948e-05,-0.000298413)
(1.22701e-06,6.20981e-07)
(1.52705e-06,-3.00453e-06)
(3.88015e-06,1.96371e-06)
(4.82895e-06,-9.50115e-06)
(-7.43721e-06,-4.57179e-05)
(-3.88626e-05,-8.22915e-06)
(0.000308425,-0.000292862)
(-0.000330978,-0.000474054)
(-5.02521e-06,9.93996e-07)
(2.56264e-06,1.51391e-05)
(9.19831e-06,-1.81944e-06)
(-1.18199e-06,-9.97247e-06)
(2.54248e-05,4.5453e-06)
(1.45343e-05,-7.80362e-05)
(-1.53523e-05,3.03671e-06)
(7.82899e-06,4.62508e-05)
(1.50208e-05,-2.97114e-06)
(-1.93019e-06,-1.6285e-05)
(9.84698e-05,1.76039e-05)
(5.6291e-05,-0.000302233)
(1.28606e-06,6.34257e-07)
(1.52167e-06,-3.07121e-06)
(4.06687e-06,2.0057e-06)
(4.81196e-06,-9.71202e-06)
(-7.707e-06,-4.62751e-05)
(-3.92386e-05,-8.35433e-06)
(0.000311713,-0.000298032)
(-0.000333669,-0.000477424)
(-5.12162e-06,1.03517e-06)
(2.63216e-06,1.52437e-05)
(9.37314e-06,-1.89448e-06)
(-1.21798e-06,-1.00905e-05)
(2.60084e-05,4.50487e-06)
(1.42351e-05,-7.86676e-05)
(-1.56468e-05,3.16251e-06)
(8.04137e-06,4.65703e-05)
(1.53063e-05,-3.09368e-06)
(-1.98895e-06,-1.64777e-05)
(0.00010073,1.74473e-05)
(5.51323e-05,-0.000304678)
(1.32468e-06,6.42597e-07)
(1.51804e-06,-3.11414e-06)
(4.18899e-06,2.03207e-06)
(4.80046e-06,-9.84779e-06)
(-8.13902e-06,-4.71404e-05)
(-3.98268e-05,-8.54695e-06)
(0.00031677,-0.000306149)
(-0.00033787,-0.000482678)
(-5.2732e-06,1.10106e-06)
(2.74086e-06,1.54075e-05)
(9.64805e-06,-2.01454e-06)
(-1.27433e-06,-1.02763e-05)
(2.69308e-05,4.43414e-06)
(1.37662e-05,-7.9654e-05)
(-1.61099e-05,3.36379e-06)
(8.37345e-06,4.70706e-05)
(1.57552e-05,-3.28973e-06)
(-2.08097e-06,-1.67812e-05)
(0.000104303,1.71733e-05)
(5.33164e-05,-0.000308499)
(1.38628e-06,6.55361e-07)
(1.51237e-06,-3.18224e-06)
(4.3838e-06,2.07243e-06)
(4.78252e-06,-1.00631e-05)
(-8.48252e-06,-4.78062e-05)
(-4.02833e-05,-8.69361e-06)
(0.000320622,-0.000312467)
(-0.000341124,-0.000486738)
(-5.3914e-06,1.1534e-06)
(2.82514e-06,1.55346e-05)
(9.86245e-06,-2.10991e-06)
(-1.31809e-06,-1.04215e-05)
(2.76541e-05,4.37296e-06)
(1.34018e-05,-8.04182e-05)
(-1.6471e-05,3.5237e-06)
(8.63095e-06,4.7459e-05)
(1.61053e-05,-3.44547e-06)
(-2.15243e-06,-1.70183e-05)
(0.000107104,1.69364e-05)
(5.19051e-05,-0.000311458)
(1.43507e-06,6.65017e-07)
(1.50716e-06,-3.23413e-06)
(4.53808e-06,2.10297e-06)
(4.76607e-06,-1.02272e-05)
(7.2356e-22,-3.2381e-22)
(-3.74919e-22,-8.53264e-22)
(0,0)
(0,0)
(7.2356e-22,-3.2381e-22)
(-3.74919e-22,-8.53264e-22)
(1.27868e-23,5.71123e-24)
(1.83211e-24,-4.03677e-24)
(1.27868e-23,5.71123e-24)
(1.83211e-24,-4.03677e-24)
(1.25793e-21,-6.16986e-22)
(-5.37562e-22,-1.14263e-21)
(0,0)
(0,0)
(1.25793e-21,-6.16986e-22)
(-5.37562e-22,-1.14263e-21)
(2.52252e-23,8.9074e-24)
(2.47796e-24,-6.72321e-24)
(2.52252e-23,8.9074e-24)
(2.47796e-24,-6.72321e-24)
(1.73671e-21,-9.033e-22)
(-6.73516e-22,-1.38379e-21)
(0,0)
(0,0)
(1.73671e-21,-9.033e-22)
(-6.73516e-22,-1.38379e-21)
(3.77752e-23,1.11465e-23)
(2.96928e-24,-9.30773e-24)
(3.77752e-23,1.11465e-23)
(2.96928e-24,-9.30773e-24)
(2.09299e-21,-1.12868e-21)
(-7.71346e-22,-1.5596e-21)
(0,0)
(0,0)
(2.09299e-21,-1.12868e-21)
(-7.71346e-22,-1.5596e-21)
(4.78695e-23,1.24465e-23)
(3.30349e-24,-1.13611e-23)
(4.78695e-23,1.24465e-23)
(3.30349e-24,-1.13611e-23)
(2.876e-21,-1.65704e-21)
(-9.79925e-22,-1.94599e-21)
(0,0)
(0,0)
(2.876e-21,-1.65704e-21)
(-9.79925e-22,-1.94599e-21)
(7.21327e-23,1.42237e-23)
(3.98244e-24,-1.63098e-23)
(7.21327e-23,1.42237e-23)
(3.98244e-24,-1.63098e-23)
(3.29267e-21,-1.95552e-21)
(-1.08825e-21,-2.15484e-21)
(0,0)
(0,0)
(3.29267e-21,-1.95552e-21)
(-1.08825e-21,-2.15484e-21)
(8.61557e-23,1.45619e-23)
(4.32623e-24,-1.92088e-23)
(8.61557e-23,1.45619e-23)
(4.32623e-24,-1.92088e-23)
(4.67835e-21,-3.03072e-21)
(-1.43864e-21,-2.88036e-21)
(0,0)
(0,0)
(4.67835e-21,-3.03072e-21)
(-1.43864e-21,-2.88036e-21)
(1.38213e-22,1.25339e-23)
(5.46401e-24,-3.03571e-23)
(1.38213e-22,1.25339e-23)
(5.46401e-24,-3.03571e-23)
(4.84989e-21,-3.17264e-21)
(-1.48111e-21,-2.97428e-21)
(0,0)
(0,0)
(4.84989e-21,-3.17264e-21)
(-1.48111e-21,-2.97428e-21)
(1.45242e-22,1.19298e-23)
(5.61005e-24,-3.19147e-23)
(1.45242e-22,1.19298e-23)
(5.61005e-24,-3.19147e-23)
(5.5855e-21,-3.80387e-21)
(-1.66123e-21,-3.38915e-21)
(0,0)
(0,0)
(5.5855e-21,-3.80387e-21)
(-1.66123e-21,-3.38915e-21)
(1.76903e-22,8.39393e-24)
(6.26593e-24,-3.9093e-23)
(1.76903e-22,8.39393e-24)
(6.26593e-24,-3.9093e-23)
(5.58959e-21,-3.80749e-21)
(-1.66222e-21,-3.39152e-21)
(0,0)
(0,0)
(5.58959e-21,-3.80749e-21)
(-1.66222e-21,-3.39152e-21)
(1.77087e-22,8.36981e-24)
(6.26975e-24,-3.91354e-23)
(1.77087e-22,8.36981e-24)
(6.26975e-24,-3.91354e-23)
(5.59233e-21,-3.8099e-21)
(-1.66289e-21,-3.3931e-21)
(0,0)
(0,0)
(5.59233e-21,-3.8099e-21)
(-1.66289e-21,-3.3931e-21)
(1.77209e-22,8.35369e-24)
(6.27229e-24,-3.91636e-23)
(1.77209e-22,8.35369e-24)
(6.27229e-24,-3.91636e-23)
(7.47207e-21,-5.60404e-21)
(-2.11055e-21,-4.55736e-21)
(0,0)
(0,0)
(7.47207e-21,-5.60404e-21)
(-2.11055e-21,-4.55736e-21)
(2.70238e-22,-8.52968e-24)
(8.33784e-24,-6.18435e-23)
(2.70238e-22,-8.52968e-24)
(8.33784e-24,-6.18435e-23)
(7.93089e-21,-6.08623e-21)
(-2.21777e-21,-4.86798e-21)
(0,0)
(0,0)
(7.93089e-21,-6.08623e-21)
(-2.21777e-21,-4.86798e-21)
(2.95898e-22,-1.46257e-23)
(8.97557e-24,-6.85152e-23)
(2.95898e-22,-1.46257e-23)
(8.97557e-24,-6.85152e-23)
(8.19071e-21,-6.36802e-21)
(-2.27827e-21,-5.04914e-21)
(0,0)
(0,0)
(8.19071e-21,-6.36802e-21)
(-2.27827e-21,-5.04914e-21)
(3.11008e-22,-1.84742e-23)
(9.36891e-24,-7.25273e-23)
(3.11008e-22,-1.84742e-23)
(9.36891e-24,-7.25273e-23)
(8.3688e-21,-6.565e-21)
(-2.31968e-21,-5.17562e-21)
(0,0)
(0,0)
(8.3688e-21,-6.565e-21)
(-2.31968e-21,-5.17562e-21)
(3.21618e-22,-2.12873e-23)
(9.65353e-24,-7.53824e-23)
(3.21618e-22,-2.12873e-23)
(9.65353e-24,-7.53824e-23)
(8.59051e-21,-6.81477e-21)
(-2.37119e-21,-5.33582e-21)
(0,0)
(0,0)
(8.59051e-21,-6.81477e-21)
(-2.37119e-21,-5.33582e-21)
(3.35126e-22,-2.49977e-23)
(1.00264e-23,-7.90616e-23)
(3.35126e-22,-2.49977e-23)
(1.00264e-23,-7.90616e-23)
(8.80457e-21,-7.06088e-21)
(-2.4209e-21,-5.49347e-21)
(0,0)
(0,0)
(8.80457e-21,-7.06088e-21)
(-2.4209e-21,-5.49347e-21)
(3.48494e-22,-2.88084e-23)
(1.04075e-23,-8.27514e-23)
(3.48494e-22,-2.88084e-23)
(1.04075e-23,-8.27514e-23)
(9.22944e-21,-7.56471e-21)
(-2.51965e-21,-5.81554e-21)
(0,0)
(0,0)
(9.22944e-21,-7.56471e-21)
(-2.51965e-21,-5.81554e-21)
(3.76031e-22,-3.70796e-23)
(1.1232e-23,-9.05046e-23)
(3.76031e-22,-3.70796e-23)
(1.1232e-23,-9.05046e-23)
(9.35209e-21,-7.71415e-21)
(-2.5482e-21,-5.9109e-21)
(0,0)
(0,0)
(9.35209e-21,-7.71415e-21)
(-2.5482e-21,-5.9109e-21)
(3.8424e-22,-3.96527e-23)
(1.14885e-23,-9.28558e-23)
(3.8424e-22,-3.96527e-23)
(1.14885e-23,-9.28558e-23)
(9.36362e-21,-7.72829e-21)
(-2.55089e-21,-5.91992e-21)
(0,0)
(0,0)
(9.36362e-21,-7.72829e-21)
(-2.55089e-21,-5.91992e-21)
(3.85018e-22,-3.98989e-23)
(1.15131e-23,-9.30795e-23)
(3.85018e-22,-3.98989e-23)
(1.15131e-23,-9.30795e-23)
(9.64642e-21,-8.08056e-21)
(-2.61689e-21,-6.14435e-21)
(0,0)
(0,0)
(9.64642e-21,-8.08056e-21)
(-2.61689e-21,-6.14435e-21)
(4.04447e-22,-4.61897e-23)
(1.21418e-23,-9.87206e-23)
(4.04447e-22,-4.61897e-23)
(1.21418e-23,-9.87206e-23)
(9.89288e-21,-8.39631e-21)
(-2.67466e-21,-6.34511e-21)
(0,0)
(0,0)
(9.89288e-21,-8.39631e-21)
(-2.67466e-21,-6.34511e-21)
(4.21945e-22,-5.20801e-23)
(1.27333e-23,-1.03889e-22)
(4.21945e-22,-5.20801e-23)
(1.27333e-23,-1.03889e-22)
(1.02395e-20,-8.85526e-21)
(-2.75648e-21,-6.63623e-21)
(0,0)
(0,0)
(1.02395e-20,-8.85526e-21)
(-2.75648e-21,-6.63623e-21)
(4.47513e-22,-6.10602e-23)
(1.36423e-23,-1.11588e-22)
(4.47513e-22,-6.10602e-23)
(1.36423e-23,-1.11588e-22)
(1.0439e-20,-9.12776e-21)
(-2.80396e-21,-6.80867e-21)
(0,0)
(0,0)
(1.0439e-20,-9.12776e-21)
(-2.80396e-21,-6.80867e-21)
(4.62766e-22,-6.66237e-23)
(1.42105e-23,-1.16266e-22)
(4.62766e-22,-6.66237e-23)
(1.42105e-23,-1.16266e-22)
(1.06336e-20,-9.40009e-21)
(-2.85065e-21,-6.9807e-21)
(0,0)
(0,0)
(1.06336e-20,-9.40009e-21)
(-2.85065e-21,-6.9807e-21)
(4.78062e-22,-7.23547e-23)
(1.48005e-23,-1.21019e-22)
(4.78062e-22,-7.23547e-23)
(1.48005e-23,-1.21019e-22)
(1.07418e-20,-9.55433e-21)
(-2.87679e-21,-7.07799e-21)
(0,0)
(0,0)
(1.07418e-20,-9.55433e-21)
(-2.87679e-21,-7.07799e-21)
(4.86747e-22,-7.56756e-23)
(1.51445e-23,-1.23747e-22)
(4.86747e-22,-7.56756e-23)
(1.51445e-23,-1.23747e-22)
(1.08941e-20,-9.775e-21)
(-2.9138e-21,-7.21701e-21)
(0,0)
(0,0)
(1.08941e-20,-9.775e-21)
(-2.9138e-21,-7.21701e-21)
(4.992e-22,-8.05211e-23)
(1.56496e-23,-1.27693e-22)
(4.992e-22,-8.05211e-23)
(1.56496e-23,-1.27693e-22)
(1.1002e-20,-9.93407e-21)
(-2.94023e-21,-7.31709e-21)
(0,0)
(0,0)
(1.1002e-20,-9.93407e-21)
(-2.94023e-21,-7.31709e-21)
(5.08196e-22,-8.40819e-23)
(1.6023e-23,-1.30569e-22)
(5.08196e-22,-8.40819e-23)
(1.6023e-23,-1.30569e-22)
(1.11837e-20,-1.02072e-20)
(-2.98514e-21,-7.48867e-21)
(0,0)
(0,0)
(1.11837e-20,-1.02072e-20)
(-2.98514e-21,-7.48867e-21)
(5.2368e-22,-9.03289e-23)
(1.66831e-23,-1.35571e-22)
(5.2368e-22,-9.03289e-23)
(1.66831e-23,-1.35571e-22)
(1.1346e-20,-1.04572e-20)
(-3.02574e-21,-7.64539e-21)
(0,0)
(0,0)
(1.1346e-20,-1.04572e-20)
(-3.02574e-21,-7.64539e-21)
(5.37889e-22,-9.61917e-23)
(1.73082e-23,-1.40218e-22)
(5.37889e-22,-9.61917e-23)
(1.73082e-23,-1.40218e-22)
(1.14766e-20,-1.06624e-20)
(-3.05877e-21,-7.77387e-21)
(0,0)
(0,0)
(1.14766e-20,-1.06624e-20)
(-3.05877e-21,-7.77387e-21)
(5.49584e-22,-1.01109e-22)
(1.78369e-23,-1.44084e-22)
(5.49584e-22,-1.01109e-22)
(1.78369e-23,-1.44084e-22)
(1.16532e-20,-1.09465e-20)
(-3.10405e-21,-7.95139e-21)
(0,0)
(0,0)
(1.16532e-20,-1.09465e-20)
(-3.10405e-21,-7.95139e-21)
(5.65811e-22,-1.0807e-22)
(1.8592e-23,-1.49509e-22)
(5.65811e-22,-1.0807e-22)
(1.8592e-23,-1.49509e-22)
(1.18221e-20,-1.12256e-20)
(-3.14806e-21,-8.12535e-21)
(0,0)
(0,0)
(1.18221e-20,-1.12256e-20)
(-3.14806e-21,-8.12535e-21)
(5.8179e-22,-1.15079e-22)
(1.93602e-23,-1.54921e-22)
(5.8179e-22,-1.15079e-22)
(1.93602e-23,-1.54921e-22)
(1.19282e-20,-1.14047e-20)
(-3.1761e-21,-8.23683e-21)
(0,0)
(0,0)
(1.19282e-20,-1.14047e-20)
(-3.1761e-21,-8.23683e-21)
(5.92068e-22,-1.19668e-22)
(1.98675e-23,-1.58439e-22)
(5.92068e-22,-1.19668e-22)
(1.98675e-23,-1.58439e-22)
(1.20906e-20,-1.16852e-20)
(-3.2197e-21,-8.41106e-21)
(0,0)
(0,0)
(1.20906e-20,-1.16852e-20)
(-3.2197e-21,-8.41106e-21)
(6.08194e-22,-1.26993e-22)
(2.06843e-23,-1.64016e-22)
(6.08194e-22,-1.26993e-22)
(2.06843e-23,-1.64016e-22)
(1.22137e-20,-1.1903e-20)
(-3.25333e-21,-8.54609e-21)
(0,0)
(0,0)
(1.22137e-20,-1.1903e-20)
(-3.25333e-21,-8.54609e-21)
(6.20742e-22,-1.32798e-22)
(2.13378e-23,-1.68404e-22)
(6.20742e-22,-1.32798e-22)
(2.13378e-23,-1.68404e-22)
(8.28725e-07,-2.62925e-07)
(-7.29367e-05,-0.000229894)
(1.30245e-13,9.95608e-08)
(8.08988e-06,9.7375e-11)
(-2.62066e-07,8.31442e-08)
(2.30646e-05,7.26987e-05)
(-1.00156e-08,-8.40448e-09)
(-1.32234e-05,1.57583e-05)
(1.03372e-08,8.67436e-09)
(2.74308e-06,-3.26892e-06)
(3.1301e-09,4.99766e-08)
(0.000137301,-8.59934e-06)
(2.7259e-09,2.28741e-09)
(3.59895e-06,-4.28886e-06)
(-5.52548e-09,-4.63664e-09)
(-1.46624e-06,1.74731e-06)
(-5.4005e-10,7.81277e-10)
(2.76092e-06,1.90846e-06)
(1.95079e-06,-6.78081e-07)
(-8.18185e-05,-0.000235393)
(1.69171e-12,2.34872e-07)
(8.5498e-06,5.33252e-10)
(-6.16895e-07,2.14428e-07)
(2.58733e-05,7.44377e-05)
(-2.60884e-08,-1.89728e-08)
(-1.2465e-05,1.71399e-05)
(2.68145e-08,1.95009e-08)
(2.63715e-06,-3.62617e-06)
(2.25715e-08,1.25787e-07)
(0.000139409,-2.50158e-05)
(7.10036e-09,5.16374e-09)
(3.39254e-06,-4.66488e-06)
(-1.4333e-08,-1.04237e-08)
(-1.40962e-06,1.93827e-06)
(-1.11028e-09,2.32232e-09)
(3.17205e-06,1.51652e-06)
(-1.51205e-13,-1.15583e-07)
(-8.03727e-06,-1.14818e-10)
(8.21994e-07,-2.6079e-07)
(-6.34961e-05,-0.000200137)
(-3.42352e-09,-2.87281e-09)
(-4.01883e-06,4.78923e-06)
(6.77813e-09,5.68779e-09)
(1.44608e-06,-1.72329e-06)
(9.41191e-10,1.50275e-08)
(3.3478e-05,-2.09677e-06)
(-1.0459e-08,-8.77657e-09)
(-1.22777e-05,1.46313e-05)
(1.10686e-08,9.28812e-09)
(2.36144e-06,-2.81412e-06)
(3.64522e-09,5.82012e-08)
(0.00012966,-8.12076e-06)
(-1.99483e-10,2.88587e-10)
(7.35602e-07,5.08478e-07)
(-6.30821e-10,9.12593e-10)
(2.32618e-06,1.60795e-06)
(-1.96592e-12,-2.72944e-07)
(-8.55167e-06,-6.29657e-10)
(1.93537e-06,-6.72719e-07)
(-7.15102e-05,-0.000205737)
(-8.92865e-09,-6.49338e-09)
(-3.80285e-06,5.22907e-06)
(1.7586e-08,1.27895e-08)
(1.39922e-06,-1.92397e-06)
(6.78037e-09,3.77858e-08)
(3.41217e-05,-6.12287e-06)
(-2.72775e-08,-1.98376e-08)
(-1.16179e-05,1.59751e-05)
(2.87179e-08,2.08851e-08)
(2.28491e-06,-3.14183e-06)
(2.62602e-08,1.46344e-07)
(0.000132153,-2.37138e-05)
(-4.0973e-10,8.57015e-10)
(8.50484e-07,4.06608e-07)
(-1.29568e-09,2.71012e-09)
(2.68947e-06,1.28581e-06)
(4.97655e-23,-1.57888e-23)
(-9.56026e-23,-3.01412e-22)
(0,0)
(0,0)
(4.97655e-23,-1.57888e-23)
(-9.56026e-23,-3.01412e-22)
(5.48508e-25,4.60274e-25)
(4.96358e-25,-5.91405e-25)
(5.48508e-25,4.60274e-25)
(4.96358e-25,-5.91405e-25)
(5.23981e-23,-1.67163e-23)
(-9.77105e-23,-3.06365e-22)
(0,0)
(0,0)
(5.23981e-23,-1.67163e-23)
(-9.77105e-23,-3.06365e-22)
(5.8193e-25,4.84264e-25)
(5.07705e-25,-6.09983e-25)
(5.8193e-25,4.84264e-25)
(5.07705e-25,-6.09983e-25)
(5.56184e-23,-1.78584e-23)
(-1.00225e-22,-3.12239e-22)
(0,0)
(0,0)
(5.56184e-23,-1.78584e-23)
(-1.00225e-22,-3.12239e-22)
(6.23186e-25,5.13555e-25)
(5.21223e-25,-6.32357e-25)
(6.23186e-25,5.13555e-25)
(5.21223e-25,-6.32357e-25)
(9.65254e-23,-3.29687e-23)
(-1.27948e-22,-3.74892e-22)
(0,0)
(0,0)
(9.65254e-23,-3.29687e-23)
(-1.27948e-22,-3.74892e-22)
(1.17728e-24,8.80872e-25)
(6.68662e-25,-8.93188e-25)
(1.17728e-24,8.80872e-25)
(6.68662e-25,-8.93188e-25)
(1.12114e-22,-3.89699e-23)
(-1.37147e-22,-3.94949e-22)
(0,0)
(0,0)
(1.12114e-22,-3.89699e-23)
(-1.37147e-22,-3.94949e-22)
(1.40067e-24,1.01864e-24)
(7.16891e-25,-9.85084e-25)
(1.40067e-24,1.01864e-24)
(7.16891e-25,-9.85084e-25)
(1.27502e-22,-4.50032e-23)
(-1.45743e-22,-4.13414e-22)
(0,0)
(0,0)
(1.27502e-22,-4.50032e-23)
(-1.45743e-22,-4.13414e-22)
(1.62676e-24,1.15352e-24)
(7.61586e-25,-1.07313e-24)
(1.62676e-24,1.15352e-24)
(7.61586e-25,-1.07313e-24)
(1.46744e-22,-5.26854e-23)
(-1.55949e-22,-4.3502e-22)
(0,0)
(0,0)
(1.46744e-22,-5.26854e-23)
(-1.55949e-22,-4.3502e-22)
(1.91655e-24,1.32066e-24)
(8.14228e-25,-1.18036e-24)
(1.91655e-24,1.32066e-24)
(8.14228e-25,-1.18036e-24)
(2.60917e-22,-1.00807e-22)
(-2.08806e-22,-5.42503e-22)
(0,0)
(0,0)
(2.60917e-22,-1.00807e-22)
(-2.08806e-22,-5.42503e-22)
(3.76831e-24,2.28063e-24)
(1.07904e-24,-1.77792e-24)
(3.76831e-24,2.28063e-24)
(1.07904e-24,-1.77792e-24)
(3.3198e-22,-1.32508e-22)
(-2.37751e-22,-5.9896e-22)
(0,0)
(0,0)
(3.3198e-22,-1.32508e-22)
(-2.37751e-22,-5.9896e-22)
(5.01365e-24,2.85305e-24)
(1.21856e-24,-2.13238e-24)
(5.01365e-24,2.85305e-24)
(1.21856e-24,-2.13238e-24)
(1.92735e-05,-9.02936e-06)
(-0.000123509,-0.000264182)
(1.58969e-09,2.33719e-06)
(1.1206e-05,4.84804e-08)
(-6.09482e-06,2.85534e-06)
(3.9057e-05,8.35416e-05)
(-3.64216e-07,-1.45493e-07)
(-9.04409e-06,2.26375e-05)
(3.67839e-07,1.4694e-07)
(2.10057e-06,-5.25559e-06)
(9.52805e-07,1.47933e-06)
(0.000136463,-8.78916e-05)
(9.9127e-08,3.95982e-08)
(2.46149e-06,-6.16114e-06)
(-1.96618e-07,-7.85429e-08)
(-1.1228e-06,2.80923e-06)
(3.62811e-09,4.42038e-08)
(4.35134e-06,-3.57142e-07)
(3.92486e-05,-2.06715e-05)
(-0.000147885,-0.000282933)
(1.31676e-08,4.76513e-06)
(1.31208e-05,1.9049e-07)
(-1.24115e-05,6.53689e-06)
(4.67654e-05,8.94712e-05)
(-8.56288e-07,-2.42211e-07)
(-7.17764e-06,2.53558e-05)
(8.57601e-07,2.42583e-07)
(1.75967e-06,-6.2017e-06)
(2.80684e-06,3.13424e-06)
(0.000130378,-0.000116753)
(2.33052e-07,6.59215e-08)
(1.95351e-06,-6.90098e-06)
(-4.58407e-07,-1.29666e-07)
(-9.40585e-07,3.31495e-06)
(3.30849e-08,1.12208e-07)
(4.71649e-06,-1.39065e-06)
(5.04536e-05,-2.78173e-05)
(-0.000159101,-0.000292051)
(2.7706e-08,6.12486e-06)
(1.40807e-05,3.06202e-07)
(-1.59548e-05,8.7966e-06)
(5.03122e-05,9.23546e-05)
(-1.16598e-06,-2.78421e-07)
(-6.34536e-06,2.65328e-05)
(1.1638e-06,2.77901e-07)
(1.59579e-06,-6.64246e-06)
(4.11717e-06,4.0652e-06)
(0.000127138,-0.000128752)
(3.17339e-07,7.57766e-08)
(1.72699e-06,-7.22131e-06)
(-6.22079e-07,-1.48545e-07)
(-8.52985e-07,3.55054e-06)
(5.97934e-08,1.56318e-07)
(4.83995e-06,-1.8513e-06)
(5.87059e-05,-3.33207e-05)
(-0.000166755,-0.00029846)
(4.33592e-08,7.12485e-06)
(1.47606e-05,4.0645e-07)
(-1.85644e-05,1.05369e-05)
(5.27325e-05,9.43814e-05)
(-1.40772e-06,-2.97403e-07)
(-5.7848e-06,2.73165e-05)
(1.40205e-06,2.96204e-07)
(1.48128e-06,-6.94657e-06)
(5.19398e-06,4.74618e-06)
(0.000124822,-0.000136581)
(3.83133e-07,8.09429e-08)
(1.57442e-06,-7.43461e-06)
(-7.49425e-07,-1.58328e-07)
(-7.91775e-07,3.7131e-06)
(8.40844e-08,1.91058e-07)
(4.91194e-06,-2.16169e-06)
(6.44419e-05,-3.72585e-05)
(-0.000171849,-0.000302812)
(5.70996e-08,7.81918e-06)
(1.52234e-05,4.83181e-07)
(-2.03783e-05,1.17822e-05)
(5.43434e-05,9.57577e-05)
(-1.58226e-06,-3.0685e-07)
(-5.41445e-06,2.78309e-05)
(1.5737e-06,3.05191e-07)
(1.40382e-06,-7.15081e-06)
(5.99611e-06,5.21594e-06)
(0.000123241,-0.000141651)
(4.30635e-07,8.35141e-08)
(1.47363e-06,-7.57462e-06)
(-8.41177e-07,-1.63131e-07)
(-7.50371e-07,3.82227e-06)
(1.0329e-07,2.1623e-07)
(4.95503e-06,-2.36689e-06)
(0.000129721,-8.79881e-05)
(-0.000222923,-0.000350397)
(4.47679e-07,1.56916e-05)
(2.02056e-05,1.69017e-06)
(-4.10213e-05,2.78243e-05)
(7.04944e-05,0.000110805)
(-3.92222e-06,-1.99555e-07)
(-1.76537e-06,3.28117e-05)
(3.85658e-06,1.96216e-07)
(5.68373e-07,-9.31646e-06)
(1.80945e-05,1.01946e-05)
(0.000106146,-0.000188184)
(1.06749e-06,5.4312e-08)
(4.80473e-07,-8.9302e-06)
(-2.06143e-06,-1.04882e-07)
(-3.03808e-07,4.97986e-06)
(4.64505e-07,5.51018e-07)
(5.22458e-06,-4.40357e-06)
(0.000161048,-0.000116121)
(-0.000245333,-0.00037351)
(8.46758e-07,1.94735e-05)
(2.25265e-05,2.43422e-06)
(-5.09279e-05,3.67208e-05)
(7.75812e-05,0.000118114)
(-5.27694e-06,2.83173e-10)
(-1.68259e-07,3.49695e-05)
(5.16868e-06,-2.77363e-10)
(1.66089e-07,-1.03579e-05)
(2.58786e-05,1.22286e-05)
(9.80836e-05,-0.000207095)
(1.4362e-06,-7.70699e-11)
(4.57943e-08,-9.5175e-06)
(-2.76277e-06,1.48257e-10)
(-8.87785e-08,5.53652e-06)
(7.4304e-07,7.37308e-07)
(5.2708e-06,-5.31008e-06)
(0.000219698,-0.000176224)
(-0.000286703,-0.000419216)
(2.13767e-06,2.66557e-05)
(2.69395e-05,4.00271e-06)
(-6.94746e-05,5.57268e-05)
(9.06634e-05,0.000132568)
(-8.2692e-06,6.84807e-07)
(2.82228e-06,3.90255e-05)
(8.05468e-06,-6.67041e-07)
(-6.33784e-07,-1.24705e-05)
(4.44207e-05,1.50829e-05)
(8.24138e-05,-0.00024101)
(2.25059e-06,-1.86381e-07)
(-7.68128e-07,-1.06214e-05)
(-4.30541e-06,3.56549e-07)
(3.38772e-07,6.66578e-06)
(1.50054e-06,1.11989e-06)
(5.26398e-06,-7.04678e-06)
(-2.39273e-11,-6.31217e-07)
(-9.26617e-06,-3.29329e-09)
(4.4601e-06,-1.7102e-06)
(-8.17325e-05,-0.000213187)
(-2.30196e-08,-1.41272e-08)
(-3.53001e-06,5.75196e-06)
(4.50525e-08,2.76489e-08)
(1.33637e-06,-2.17749e-06)
(2.92158e-08,9.28809e-08)
(3.44858e-05,-1.08475e-05)
(-7.03261e-08,-4.31594e-08)
(-1.07844e-05,1.75725e-05)
(7.35705e-08,4.51505e-08)
(2.18228e-06,-3.55583e-06)
(1.13152e-07,3.59726e-07)
(0.000133563,-4.20123e-05)
(-6.96262e-10,2.48649e-09)
(9.70756e-07,2.71829e-07)
(-2.20177e-09,7.86297e-09)
(3.0698e-06,8.59599e-07)
(-2.94603e-10,-1.46791e-06)
(-1.03502e-05,-1.72485e-08)
(1.03292e-05,-4.42182e-06)
(-9.57604e-05,-0.000223858)
(-6.06615e-08,-2.99272e-08)
(-3.16364e-06,6.41241e-06)
(1.17765e-07,5.80988e-08)
(1.24483e-06,-2.52284e-06)
(1.10875e-07,2.29029e-07)
(3.44287e-05,-1.66673e-05)
(-1.85324e-07,-9.1429e-08)
(-9.66508e-06,1.95902e-05)
(1.92309e-07,9.48749e-08)
(2.0328e-06,-4.11978e-06)
(4.29418e-07,8.87025e-07)
(0.000133342,-6.4552e-05)
(-5.69523e-10,7.31081e-09)
(1.0998e-06,8.56763e-08)
(-1.80099e-09,2.31188e-08)
(3.47788e-06,2.70932e-07)
(-1.22209e-09,-2.3704e-06)
(-1.12402e-05,-4.3867e-08)
(1.66379e-05,-7.63032e-06)
(-0.000106278,-0.000232154)
(-1.06145e-07,-4.47197e-08)
(-2.89586e-06,6.87284e-06)
(2.0492e-07,8.63342e-08)
(1.1723e-06,-2.78123e-06)
(2.30278e-07,3.81178e-07)
(3.41117e-05,-2.06075e-05)
(-3.24279e-07,-1.36621e-07)
(-8.84699e-06,2.09969e-05)
(3.34633e-07,1.40983e-07)
(1.91436e-06,-4.54173e-06)
(8.91865e-07,1.4763e-06)
(0.000132114,-7.98124e-05)
(5.99827e-10,1.35422e-08)
(1.17647e-06,-5.21088e-08)
(1.89682e-09,4.28242e-08)
(3.72031e-06,-1.64782e-07)
(-1.94368e-09,-2.77192e-06)
(-1.15942e-05,-5.94093e-08)
(1.94404e-05,-9.1292e-06)
(-0.000110262,-0.000235359)
(-1.27655e-07,-5.06853e-08)
(-2.79594e-06,7.04081e-06)
(2.45956e-07,9.76563e-08)
(1.14396e-06,-2.87923e-06)
(2.91753e-07,4.49803e-07)
(3.39485e-05,-2.20195e-05)
(-3.89994e-07,-1.54846e-07)
(-8.54173e-06,2.151e-05)
(4.01645e-07,1.59472e-07)
(1.86808e-06,-4.70177e-06)
(1.12995e-06,1.74208e-06)
(0.000131482,-8.52813e-05)
(1.43035e-09,1.65751e-08)
(1.20199e-06,-1.03725e-07)
(4.52315e-09,5.24151e-08)
(3.80104e-06,-3.28007e-07)
(-5.23326e-09,-3.87242e-06)
(-1.24896e-05,-1.13208e-07)
(2.71139e-05,-1.34237e-05)
(-0.000119918,-0.000243276)
(-1.90035e-07,-6.53278e-08)
(-2.55691e-06,7.43549e-06)
(3.6447e-07,1.25293e-07)
(1.0733e-06,-3.11755e-06)
(4.82963e-07,6.39477e-07)
(3.34781e-05,-2.52836e-05)
(-5.80566e-07,-1.9958e-07)
(-7.81148e-06,2.27158e-05)
(5.95177e-07,2.04602e-07)
(1.7527e-06,-5.09094e-06)
(1.87051e-06,2.47669e-06)
(0.00012966,-9.79229e-05)
(4.62607e-09,2.55646e-08)
(1.25727e-06,-2.27508e-07)
(1.46289e-08,8.08424e-08)
(3.97583e-06,-7.19445e-07)
(-1.54956e-08,-5.58939e-06)
(-1.37584e-05,-2.28246e-07)
(3.90749e-05,-2.0586e-05)
(-0.000132765,-0.000254144)
(-2.96097e-07,-8.36704e-08)
(-2.24495e-06,7.93789e-06)
(5.64729e-07,1.5958e-07)
(9.74954e-07,-3.4375e-06)
(8.399e-07,9.37126e-07)
(3.27274e-05,-2.93303e-05)
(-9.04592e-07,-2.55617e-07)
(-6.85844e-06,2.42506e-05)
(9.22199e-07,2.60592e-07)
(1.59209e-06,-5.61341e-06)
(3.25292e-06,3.62947e-06)
(0.000126753,-0.000113596)
(1.21839e-08,4.12451e-08)
(1.31888e-06,-3.89594e-07)
(3.85288e-08,1.30428e-07)
(4.17066e-06,-1.232e-06)
(-3.33931e-08,-7.24876e-06)
(-1.49034e-05,-3.72978e-07)
(5.06329e-05,-2.7965e-05)
(-0.000143714,-0.00026373)
(-4.07531e-07,-9.66334e-08)
(-1.9834e-06,8.35016e-06)
(7.73904e-07,1.83508e-07)
(8.87176e-07,-3.71413e-06)
(1.24536e-06,1.2239e-06)
(3.20059e-05,-3.25635e-05)
(-1.24503e-06,-2.9522e-07)
(-6.05938e-06,2.55102e-05)
(1.26378e-06,2.99667e-07)
(1.44875e-06,-6.06515e-06)
(4.82325e-06,4.74015e-06)
(0.000123958,-0.000126118)
(2.23809e-08,5.79917e-08)
(1.36283e-06,-5.25951e-07)
(7.07748e-08,1.83386e-07)
(4.30966e-06,-1.6632e-06)
(-5.01458e-08,-8.31974e-06)
(-1.56166e-05,-4.8271e-07)
(5.80945e-05,-3.29419e-05)
(-0.000150291,-0.000269638)
(-4.83749e-07,-1.02638e-07)
(-1.82775e-06,8.5923e-06)
(9.16418e-07,1.94438e-07)
(8.32679e-07,-3.88256e-06)
(1.53638e-06,1.40753e-06)
(3.15447e-05,-3.44273e-05)
(-1.47788e-06,-3.13564e-07)
(-5.58386e-06,2.62499e-05)
(1.4965e-06,3.17516e-07)
(1.35976e-06,-6.34019e-06)
(5.95038e-06,5.45133e-06)
(0.000122172,-0.000133336)
(3.04619e-08,6.95218e-08)
(1.38611e-06,-6.07324e-07)
(9.63291e-08,2.19847e-07)
(4.38326e-06,-1.92053e-06)
(-6.75348e-08,-9.20361e-06)
(-1.61941e-05,-5.82371e-07)
(6.42541e-05,-3.71684e-05)
(-0.000155504,-0.000274404)
(-5.49079e-07,-1.06229e-07)
(-1.70497e-06,8.78185e-06)
(1.03827e-06,2.00873e-07)
(7.8853e-07,-4.01748e-06)
(1.79322e-06,1.55784e-06)
(3.11665e-05,-3.58686e-05)
(-1.67746e-06,-3.24536e-07)
(-5.20878e-06,2.6829e-05)
(1.69549e-06,3.28024e-07)
(1.28766e-06,-6.56051e-06)
(6.94512e-06,6.03349e-06)
(0.000120707,-0.000138919)
(3.80218e-08,7.9426e-08)
(1.40309e-06,-6.71645e-07)
(1.20236e-07,2.51167e-07)
(4.43696e-06,-2.12393e-06)
(-1.12344e-07,-1.09389e-05)
(-1.73064e-05,-8.00568e-07)
(7.63515e-05,-4.57649e-05)
(-0.0001653,-0.000283567)
(-6.83525e-07,-1.09733e-07)
(-1.47529e-06,9.13345e-06)
(1.28829e-06,2.06823e-07)
(7.03252e-07,-4.27489e-06)
(2.34013e-06,1.84887e-06)
(3.04293e-05,-3.85029e-05)
(-2.0882e-06,-3.35241e-07)
(-4.50707e-06,2.79032e-05)
(2.10378e-06,3.37741e-07)
(1.14841e-06,-6.98087e-06)
(9.06327e-06,7.16065e-06)
(0.000117852,-0.000149121)
(5.52359e-08,9.98127e-08)
(1.43186e-06,-7.9234e-07)
(1.74671e-07,3.15636e-07)
(4.52793e-06,-2.5056e-06)
(-2.35551e-07,-1.40683e-05)
(-1.92628e-05,-1.26256e-06)
(9.81763e-05,-6.22185e-05)
(-0.000181922,-0.000299742)
(-9.46035e-07,-1.04186e-07)
(-1.08712e-06,9.72041e-06)
(1.77417e-06,1.95387e-07)
(5.51563e-07,-4.72517e-06)
(3.46575e-06,2.35624e-06)
(2.91109e-05,-4.27932e-05)
(-2.89018e-06,-3.18292e-07)
(-3.32122e-06,2.96963e-05)
(2.89721e-06,3.19066e-07)
(9.00698e-07,-7.71617e-06)
(1.34228e-05,9.12567e-06)
(0.000112746,-0.000165737)
(9.44513e-08,1.39403e-07)
(1.47251e-06,-9.97585e-07)
(2.98681e-07,4.40832e-07)
(4.65649e-06,-3.15464e-06)
(-3.40451e-07,-1.59469e-05)
(-2.04172e-05,-1.57735e-06)
(0.000111273,-7.26582e-05)
(-0.00019145,-0.000309377)
(-1.11571e-06,-9.34263e-08)
(-8.64622e-07,1.00537e-05)
(2.08694e-06,1.74755e-07)
(4.60591e-07,-4.99217e-06)
(4.2263e-06,2.64742e-06)
(2.83215e-05,-4.51735e-05)
(-3.40855e-06,-2.85422e-07)
(-2.64146e-06,3.07145e-05)
(3.40796e-06,2.85373e-07)
(7.52142e-07,-8.15217e-06)
(1.63684e-05,1.02534e-05)
(0.000109689,-0.000174956)
(1.2325e-07,1.64715e-07)
(1.49178e-06,-1.11609e-06)
(3.8975e-07,5.20874e-07)
(4.71743e-06,-3.52938e-06)
(-5.08324e-07,-1.828e-05)
(-2.18374e-05,-2.00214e-06)
(0.000127517,-8.61932e-05)
(-0.000202954,-0.000321362)
(-1.33887e-06,-7.20974e-08)
(-5.95223e-07,1.0455e-05)
(2.49712e-06,1.34468e-07)
(3.46823e-07,-5.3243e-06)
(5.25918e-06,2.99224e-06)
(2.73388e-05,-4.79899e-05)
(-4.09032e-06,-2.20261e-07)
(-1.81844e-06,3.19404e-05)
(4.07778e-06,2.19586e-07)
(5.66359e-07,-8.69454e-06)
(2.03687e-05,1.15889e-05)
(0.000105883,-0.000185864)
(1.64787e-07,1.97565e-07)
(1.51157e-06,-1.26053e-06)
(5.21103e-07,6.24755e-07)
(4.78e-06,-3.98616e-06)
(-5.46208e-07,-1.87331e-05)
(-2.21122e-05,-2.0886e-06)
(0.000130671,-8.88968e-05)
(-0.000205156,-0.0003237)
(-1.38385e-06,-6.69038e-08)
(-5.43506e-07,1.05318e-05)
(2.57965e-06,1.24716e-07)
(3.24553e-07,-5.38918e-06)
(5.47138e-06,3.05688e-06)
(2.71471e-05,-4.85231e-05)
(-4.22773e-06,-2.04395e-07)
(-1.66044e-06,3.2175e-05)
(4.21255e-06,2.03661e-07)
(5.29992e-07,-8.80049e-06)
(2.11905e-05,1.18393e-05)
(0.00010514,-0.000187929)
(1.73631e-07,2.04118e-07)
(1.51495e-06,-1.28839e-06)
(5.49069e-07,6.45478e-07)
(4.79069e-06,-4.07426e-06)
(-5.82957e-07,-1.91536e-05)
(-2.23667e-05,-2.16988e-06)
(0.000133594,-9.14246e-05)
(-0.000207189,-0.000325871)
(-1.42602e-06,-6.17786e-08)
(-4.95705e-07,1.06027e-05)
(2.65698e-06,1.15107e-07)
(3.0385e-07,-5.44948e-06)
(5.67146e-06,3.11608e-06)
(2.69692e-05,-4.90139e-05)
(-4.35656e-06,-1.88737e-07)
(-1.5144e-06,3.23917e-05)
(4.33884e-06,1.87969e-07)
(4.96185e-07,-8.89896e-06)
(2.19655e-05,1.20685e-05)
(0.000104451,-0.00018983)
(1.8206e-07,2.1024e-07)
(1.51796e-06,-1.31419e-06)
(5.75724e-07,6.64839e-07)
(4.8002e-06,-4.15582e-06)
(-6.31352e-07,-1.96815e-05)
(-2.26859e-05,-2.27335e-06)
(0.000137262,-9.46272e-05)
(-0.000209731,-0.000328601)
(-1.4796e-06,-5.49177e-08)
(-4.35866e-07,1.06914e-05)
(2.7552e-06,1.02263e-07)
(2.77777e-07,-5.52539e-06)
(5.92727e-06,3.18938e-06)
(2.67453e-05,-4.96256e-05)
(-4.52025e-06,-1.67776e-07)
(-1.33159e-06,3.26628e-05)
(4.49922e-06,1.66996e-07)
(4.53608e-07,-9.02293e-06)
(2.29562e-05,1.23524e-05)
(0.000103584,-0.000192199)
(1.9296e-07,2.17989e-07)
(1.52156e-06,-1.34652e-06)
(6.10192e-07,6.89341e-07)
(4.81161e-06,-4.25809e-06)
(-1.02502e-06,-2.32209e-05)
(-2.48193e-05,-3.00312e-06)
(0.000161769,-0.000116914)
(-0.000226509,-0.00034707)
(-1.85701e-06,3.62815e-09)
(-3.84451e-08,1.12791e-05)
(3.44552e-06,-6.73172e-09)
(1.00414e-07,-6.04214e-06)
(7.77433e-06,3.64844e-06)
(2.52316e-05,-5.3621e-05)
(-5.67325e-06,1.10842e-08)
(-1.17452e-07,3.44583e-05)
(5.62651e-06,-1.09929e-08)
(1.63975e-07,-9.86677e-06)
(3.01099e-05,1.41303e-05)
(9.77217e-05,-0.000207673)
(2.7544e-07,2.71526e-07)
(1.54136e-06,-1.56294e-06)
(8.71018e-07,8.5864e-07)
(4.87421e-06,-4.94247e-06)
(-2.04221e-06,-2.93908e-05)
(-2.85409e-05,-4.3881e-06)
(0.000203943,-0.000159167)
(-0.000255077,-0.000380149)
(-2.59135e-06,1.61462e-07)
(6.50425e-07,1.22952e-05)
(4.78338e-06,-2.98043e-07)
(-2.22031e-07,-6.99012e-06)
(1.15601e-05,4.28875e-06)
(2.25135e-05,-6.03173e-05)
(-7.91669e-06,4.93274e-07)
(1.98708e-06,3.75625e-05)
(7.81123e-06,-4.86703e-07)
(-3.62574e-07,-1.14148e-05)
(4.47722e-05,1.66102e-05)
(8.71946e-05,-0.000233608)
(4.61873e-07,3.69974e-07)
(1.55988e-06,-1.94566e-06)
(1.46057e-06,1.16996e-06)
(4.93278e-06,-6.15272e-06)
(-2.69732e-06,-3.23267e-05)
(-3.03287e-05,-5.07806e-06)
(0.000223643,-0.00018081)
(-0.000268542,-0.00039634)
(-2.97546e-06,2.63703e-07)
(9.81216e-07,1.27836e-05)
(5.48134e-06,-4.85789e-07)
(-3.82425e-07,-7.46916e-06)
(1.36251e-05,4.50718e-06)
(2.11737e-05,-6.34544e-05)
(-9.09019e-06,8.05626e-07)
(2.99766e-06,3.90545e-05)
(8.951e-06,-7.9329e-07)
(-6.24497e-07,-1.21971e-05)
(5.27698e-05,1.74562e-05)
(8.20055e-05,-0.000245758)
(5.71776e-07,4.18223e-07)
(1.56227e-06,-2.1333e-06)
(1.80811e-06,1.32254e-06)
(4.94034e-06,-6.7461e-06)
(2.47429e-22,-9.49269e-23)
(-2.03046e-22,-5.31094e-22)
(0,0)
(0,0)
(2.47429e-22,-9.49269e-23)
(-2.03046e-22,-5.31094e-22)
(3.53928e-24,2.1699e-24)
(1.05082e-24,-1.70959e-24)
(3.53928e-24,2.1699e-24)
(1.05082e-24,-1.70959e-24)
(5.35337e-22,-2.28796e-22)
(-3.12232e-22,-7.3908e-22)
(0,0)
(0,0)
(5.35337e-22,-2.28796e-22)
(-3.12232e-22,-7.3908e-22)
(8.88029e-24,4.39657e-24)
(1.56084e-24,-3.12282e-24)
(8.88029e-24,4.39657e-24)
(1.56084e-24,-3.12282e-24)
(8.25433e-22,-3.77214e-22)
(-4.07317e-22,-9.11444e-22)
(0,0)
(0,0)
(8.25433e-22,-3.77214e-22)
(-4.07317e-22,-9.11444e-22)
(1.50136e-23,6.38014e-24)
(1.96696e-24,-4.53621e-24)
(1.50136e-23,6.38014e-24)
(1.96696e-24,-4.53621e-24)
(9.66402e-22,-4.53159e-22)
(-4.50875e-22,-9.89091e-22)
(0,0)
(0,0)
(9.66402e-22,-4.53159e-22)
(-4.50875e-22,-9.89091e-22)
(1.82128e-23,7.25847e-24)
(2.14307e-24,-5.23596e-24)
(1.82128e-23,7.25847e-24)
(2.14307e-24,-5.23596e-24)
(1.30381e-21,-6.43531e-22)
(-5.50881e-22,-1.16618e-21)
(0,0)
(0,0)
(1.30381e-21,-6.43531e-22)
(-5.50881e-22,-1.16618e-21)
(2.63741e-23,9.14685e-24)
(2.52778e-24,-6.96281e-24)
(2.63741e-23,9.14685e-24)
(2.52778e-24,-6.96281e-24)
(1.86032e-21,-9.80366e-22)
(-7.0772e-22,-1.44497e-21)
(0,0)
(0,0)
(1.86032e-21,-9.80366e-22)
(-7.0772e-22,-1.44497e-21)
(4.12074e-23,1.16325e-23)
(3.08768e-24,-1.00069e-23)
(4.12074e-23,1.16325e-23)
(3.08768e-24,-1.00069e-23)
(2.34352e-21,-1.29296e-21)
(-8.38918e-22,-1.68281e-21)
(0,0)
(0,0)
(2.34352e-21,-1.29296e-21)
(-8.38918e-22,-1.68281e-21)
(5.53294e-23,1.31764e-23)
(3.52739e-24,-1.28771e-23)
(5.53294e-23,1.31764e-23)
(3.52739e-24,-1.28771e-23)
(2.69144e-21,-1.5286e-21)
(-9.31407e-22,-1.85441e-21)
(0,0)
(0,0)
(2.69144e-21,-1.5286e-21)
(-9.31407e-22,-1.85441e-21)
(6.61648e-23,1.39385e-23)
(3.82726e-24,-1.50865e-23)
(6.61648e-23,1.39385e-23)
(3.82726e-24,-1.50865e-23)
(2.91459e-21,-1.68419e-21)
(-9.90025e-22,-1.9652e-21)
(0,0)
(0,0)
(2.91459e-21,-1.68419e-21)
(-9.90025e-22,-1.9652e-21)
(7.33995e-23,1.42729e-23)
(4.01461e-24,-1.65702e-23)
(7.33995e-23,1.42729e-23)
(4.01461e-24,-1.65702e-23)
(3.4307e-21,-2.05696e-21)
(-1.1238e-21,-2.22481e-21)
(0,0)
(0,0)
(3.4307e-21,-2.05696e-21)
(-1.1238e-21,-2.22481e-21)
(9.09664e-23,1.45793e-23)
(4.43884e-24,-2.02126e-23)
(9.09664e-23,1.45793e-23)
(4.43884e-24,-2.02126e-23)
(4.28579e-21,-2.7133e-21)
(-1.34075e-21,-2.66912e-21)
(0,0)
(0,0)
(4.28579e-21,-2.7133e-21)
(-1.34075e-21,-2.66912e-21)
(1.22616e-22,1.36157e-23)
(5.13647e-24,-2.69471e-23)
(1.22616e-22,1.36157e-23)
(5.13647e-24,-2.69471e-23)
(4.88175e-21,-3.19922e-21)
(-1.48897e-21,-2.99184e-21)
(0,0)
(0,0)
(4.88175e-21,-3.19922e-21)
(-1.48897e-21,-2.99184e-21)
(1.46563e-22,1.18086e-23)
(5.63742e-24,-3.22088e-23)
(1.46563e-22,1.18086e-23)
(5.63742e-24,-3.22088e-23)
(5.40803e-21,-3.64818e-21)
(-1.61806e-21,-3.28719e-21)
(0,0)
(0,0)
(5.40803e-21,-3.64818e-21)
(-1.61806e-21,-3.28719e-21)
(1.69037e-22,9.39093e-24)
(6.10249e-24,-3.72843e-23)
(1.69037e-22,9.39093e-24)
(6.10249e-24,-3.72843e-23)
(5.54714e-21,-3.77003e-21)
(-1.65191e-21,-3.36701e-21)
(0,0)
(0,0)
(5.54714e-21,-3.77003e-21)
(-1.65191e-21,-3.36701e-21)
(1.7519e-22,8.61738e-24)
(6.23028e-24,-3.86978e-23)
(1.7519e-22,8.61738e-24)
(6.23028e-24,-3.86978e-23)
(5.70497e-21,-3.90993e-21)
(-1.69019e-21,-3.45849e-21)
(0,0)
(0,0)
(5.70497e-21,-3.90993e-21)
(-1.69019e-21,-3.45849e-21)
(1.82283e-22,7.6695e-24)
(6.37817e-24,-4.03395e-23)
(1.82283e-22,7.6695e-24)
(6.37817e-24,-4.03395e-23)
(5.81644e-21,-4.0098e-21)
(-1.71715e-21,-3.52371e-21)
(0,0)
(0,0)
(5.81644e-21,-4.0098e-21)
(-1.71715e-21,-3.52371e-21)
(1.87363e-22,6.95428e-24)
(6.48464e-24,-4.1524e-23)
(1.87363e-22,6.95428e-24)
(6.48464e-24,-4.1524e-23)
(6.15092e-21,-4.31486e-21)
(-1.79764e-21,-3.7225e-21)
(0,0)
(0,0)
(6.15092e-21,-4.31486e-21)
(-1.79764e-21,-3.7225e-21)
(2.02968e-22,4.57541e-24)
(6.81521e-24,-4.52062e-23)
(2.02968e-22,4.57541e-24)
(6.81521e-24,-4.52062e-23)
(6.46637e-21,-4.61016e-21)
(-1.87304e-21,-3.91441e-21)
(0,0)
(0,0)
(6.46637e-21,-4.61016e-21)
(-1.87304e-21,-3.91441e-21)
(2.18193e-22,2.00088e-24)
(7.14431e-24,-4.88632e-23)
(2.18193e-22,2.00088e-24)
(7.14431e-24,-4.88632e-23)
(6.71619e-21,-4.84941e-21)
(-1.93243e-21,-4.06956e-21)
(0,0)
(0,0)
(6.71619e-21,-4.84941e-21)
(-1.93243e-21,-4.06956e-21)
(2.30612e-22,-2.75489e-25)
(7.41862e-24,-5.18931e-23)
(2.30612e-22,-2.75489e-25)
(7.41862e-24,-5.18931e-23)
(8.28455e-21,-6.47141e-21)
(-2.30009e-21,-5.11554e-21)
(0,0)
(0,0)
(8.28455e-21,-6.47141e-21)
(-2.30009e-21,-5.11554e-21)
(3.16572e-22,-1.99383e-23)
(9.51731e-24,-7.40206e-23)
(3.16572e-22,-1.99383e-23)
(9.51731e-24,-7.40206e-23)
(8.96315e-21,-7.24648e-21)
(-2.45774e-21,-5.61222e-21)
(0,0)
(0,0)
(8.96315e-21,-7.24648e-21)
(-2.45774e-21,-5.61222e-21)
(3.58612e-22,-3.17823e-23)
(1.07041e-23,-8.55762e-23)
(3.58612e-22,-3.17823e-23)
(1.07041e-23,-8.55762e-23)
