(2.251e-13,3.22282e-07)
(0.00018179,1.13617e-10)
(-1.6225e-08,5.2349e-09)
(4.40972e-06,1.36675e-05)
(2.16621e-08,1.77204e-08)
(9.21191e-05,-0.00011261)
(4.74152e-11,5.66789e-10)
(1.03998e-05,-8.7e-07)
(-0.000145489,1.00314e-10)
(-1.39447e-06,-4.32203e-06)
(-3.04003e-06,-9.42226e-06)
(8.1391e-05,-9.94954e-05)
(6.5138e-05,-7.96273e-05)
(1.10854e-05,-9.27359e-07)
(6.57738e-06,-5.50237e-07)
(-0.000115104,0.000140708)
(4.40972e-06,1.36675e-05)
(-1.43113e-05,1.19722e-06)
(-0.000145489,1.00314e-10)
(9.21191e-05,-0.00011261)
(-3.20447e-06,-9.93193e-06)
(1.03998e-05,-8.7e-07)
(2.16621e-08,1.77204e-08)
(9.21191e-05,-0.00011261)
(5.1308e-09,-1.65542e-09)
(-1.39447e-06,-4.32203e-06)
(-3.04003e-06,-9.42226e-06)
(4.52562e-06,-3.78593e-07)
(4.4982e-11,5.37703e-10)
(9.86608e-06,-8.25355e-07)
(-1.5917e-13,-2.27887e-07)
(-0.000128545,-8.03394e-11)
(-0.000102876,7.09325e-11)
(8.1391e-05,-9.94954e-05)
(1.53174e-08,1.25302e-08)
(6.5138e-05,-7.96273e-05)
(1.25678e-08,-4.05494e-09)
(-3.41575e-06,-1.05868e-05)
(-2.02669e-06,-6.2815e-06)
(1.10854e-05,-9.27359e-07)
(2.9988e-11,3.58469e-10)
(6.57738e-06,-5.50237e-07)
(4.25529e-13,3.98315e-07)
(0.000182165,1.72846e-10)
(-2.00821e-08,6.62511e-09)
(4.51123e-06,1.36745e-05)
(2.74202e-08,2.16749e-08)
(9.03592e-05,-0.000114311)
(7.98289e-11,7.14158e-10)
(1.03938e-05,-1.16183e-06)
(-0.000145711,1.53633e-10)
(-1.42657e-06,-4.32426e-06)
(-3.10844e-06,-9.42237e-06)
(7.98787e-05,-0.000101052)
(6.38936e-05,-8.08297e-05)
(1.10847e-05,-1.23905e-06)
(6.57364e-06,-7.34804e-07)
(-0.000112966,0.000142908)
(4.51123e-06,1.36745e-05)
(-1.43103e-05,1.5996e-06)
(-0.000145711,1.53633e-10)
(9.03592e-05,-0.000114311)
(-3.27659e-06,-9.93205e-06)
(1.03938e-05,-1.16183e-06)
(2.74202e-08,2.16749e-08)
(9.03592e-05,-0.000114311)
(6.35053e-09,-2.09504e-09)
(-1.42657e-06,-4.32426e-06)
(-3.10844e-06,-9.42237e-06)
(4.52532e-06,-5.05839e-07)
(7.57323e-11,6.7751e-10)
(9.86045e-06,-1.10221e-06)
(-3.00894e-13,-2.81651e-07)
(-0.00012881,-1.22221e-10)
(-0.000103033,1.08635e-10)
(7.98787e-05,-0.000101052)
(1.9389e-08,1.53265e-08)
(6.38936e-05,-8.08297e-05)
(1.55556e-08,-5.13179e-09)
(-3.49438e-06,-1.05922e-05)
(-2.0723e-06,-6.28158e-06)
(1.10847e-05,-1.23905e-06)
(5.04882e-11,4.51673e-10)
(6.57364e-06,-7.34804e-07)
(9.52666e-12,1.1197e-06)
(0.000184468,1.33148e-09)
(-5.69398e-08,2.1107e-08)
(5.08642e-06,1.37216e-05)
(8.74637e-08,5.7035e-08)
(8.03267e-05,-0.000123182)
(5.90094e-10,2.21323e-09)
(1.02372e-05,-2.72945e-06)
(-0.000147058,1.23309e-09)
(-1.60847e-06,-4.33916e-06)
(-3.49355e-06,-9.42445e-06)
(7.12505e-05,-0.000109259)
(5.67995e-05,-8.71025e-05)
(1.09529e-05,-2.92021e-06)
(6.47458e-06,-1.72626e-06)
(-0.000100763,0.000154516)
(5.08642e-06,1.37216e-05)
(-1.41401e-05,3.76998e-06)
(-0.000147058,1.23309e-09)
(8.03267e-05,-0.000123182)
(-3.68253e-06,-9.93425e-06)
(1.02372e-05,-2.72945e-06)
(8.74637e-08,5.7035e-08)
(8.03267e-05,-0.000123182)
(1.80059e-08,-6.67463e-09)
(-1.60847e-06,-4.33916e-06)
(-3.49355e-06,-9.42445e-06)
(4.47149e-06,-1.19217e-06)
(5.59812e-10,2.09966e-09)
(9.71187e-06,-2.58938e-06)
(-6.73636e-12,-7.91745e-07)
(-0.000130439,-9.41495e-10)
(-0.000103986,8.71923e-10)
(7.12505e-05,-0.000109259)
(6.18461e-08,4.03298e-08)
(5.67995e-05,-8.71025e-05)
(4.41054e-08,-1.63494e-08)
(-3.93992e-06,-1.06287e-05)
(-2.32904e-06,-6.28297e-06)
(1.09529e-05,-2.92021e-06)
(3.73208e-10,1.39977e-09)
(6.47458e-06,-1.72626e-06)
(3.13134e-11,1.66262e-06)
(0.00018563,2.89719e-09)
(-8.49199e-08,3.30485e-08)
(5.34976e-06,1.37469e-05)
(1.37032e-07,8.18182e-08)
(7.57311e-05,-0.000126837)
(1.1485e-09,3.41687e-09)
(1.01067e-05,-3.3971e-06)
(-0.000147725,2.73991e-09)
(-1.69174e-06,-4.34714e-06)
(-3.66852e-06,-9.42646e-06)
(6.72943e-05,-0.000112698)
(5.355e-05,-8.9687e-05)
(1.08308e-05,-3.64038e-06)
(6.39201e-06,-2.14852e-06)
(-9.51686e-05,0.000159379)
(5.34976e-06,1.37469e-05)
(-1.39825e-05,4.69972e-06)
(-0.000147725,2.73991e-09)
(7.57311e-05,-0.000126837)
(-3.86696e-06,-9.93637e-06)
(1.01067e-05,-3.3971e-06)
(1.37032e-07,8.18182e-08)
(7.57311e-05,-0.000126837)
(2.6854e-08,-1.04509e-08)
(-1.69174e-06,-4.34714e-06)
(-3.66852e-06,-9.42646e-06)
(4.42164e-06,-1.48618e-06)
(1.08956e-09,3.24152e-09)
(9.58802e-06,-3.22277e-06)
(-2.21419e-11,-1.17565e-06)
(-0.00013126,-2.04862e-09)
(-0.000104457,1.93741e-09)
(6.72943e-05,-0.000112698)
(9.68959e-08,5.78542e-08)
(5.355e-05,-8.9687e-05)
(6.57786e-08,-2.55993e-08)
(-4.14391e-06,-1.06483e-05)
(-2.44568e-06,-6.28431e-06)
(1.08308e-05,-3.64038e-06)
(7.26372e-10,2.16102e-09)
(6.39201e-06,-2.14852e-06)
(5.73658e-11,2.03284e-06)
(0.000186301,4.29761e-09)
(-1.041e-07,4.15692e-08)
(5.49521e-06,1.37619e-05)
(1.72424e-07,9.80308e-08)
(7.32012e-05,-0.000128752)
(1.59602e-09,4.2628e-09)
(1.00215e-05,-3.75211e-06)
(-0.000148106,4.11418e-09)
(-1.73774e-06,-4.3519e-06)
(-3.76475e-06,-9.42785e-06)
(6.51155e-05,-0.000114517)
(5.17611e-05,-9.10413e-05)
(1.07497e-05,-4.02457e-06)
(6.33815e-06,-2.37304e-06)
(-9.20872e-05,0.000161951)
(5.49521e-06,1.37619e-05)
(-1.38778e-05,5.1957e-06)
(-0.000148106,4.11418e-09)
(7.32012e-05,-0.000128752)
(-3.96839e-06,-9.93783e-06)
(1.00215e-05,-3.75211e-06)
(1.72424e-07,9.80308e-08)
(7.32012e-05,-0.000128752)
(3.29192e-08,-1.31453e-08)
(-1.73774e-06,-4.3519e-06)
(-3.76475e-06,-9.42785e-06)
(4.38853e-06,-1.64303e-06)
(1.51411e-09,4.04404e-09)
(9.50722e-06,-3.55956e-06)
(-4.05638e-11,-1.43744e-06)
(-0.000131735,-3.03887e-09)
(-0.000104727,2.90917e-09)
(6.51155e-05,-0.000114517)
(1.21922e-07,6.93182e-08)
(5.17611e-05,-9.10413e-05)
(8.06351e-08,-3.21994e-08)
(-4.25657e-06,-1.06599e-05)
(-2.50983e-06,-6.28524e-06)
(1.07497e-05,-4.02457e-06)
(1.00941e-09,2.69603e-09)
(6.33815e-06,-2.37304e-06)
(1.47907e-10,2.78371e-06)
(0.000187483,7.94779e-09)
(-1.43191e-07,5.96163e-08)
(5.74055e-06,1.37891e-05)
(2.47436e-07,1.29429e-07)
(6.89547e-05,-0.000131824)
(2.64542e-09,6.02509e-09)
(9.85946e-06,-4.32897e-06)
(-0.000148769,7.77519e-09)
(-1.81532e-06,-4.36049e-06)
(-3.92638e-06,-9.43067e-06)
(6.14575e-05,-0.000117464)
(4.87583e-05,-9.32136e-05)
(1.05936e-05,-4.65098e-06)
(6.23567e-06,-2.73788e-06)
(-8.69141e-05,0.000166119)
(5.74055e-06,1.37891e-05)
(-1.36763e-05,6.00439e-06)
(-0.000148769,7.77519e-09)
(6.89547e-05,-0.000131824)
(-4.13877e-06,-9.9408e-06)
(9.85946e-06,-4.32897e-06)
(2.47436e-07,1.29429e-07)
(6.89547e-05,-0.000131824)
(4.52809e-08,-1.88523e-08)
(-1.81532e-06,-4.36049e-06)
(-3.92638e-06,-9.43067e-06)
(4.32481e-06,-1.89875e-06)
(2.50967e-09,5.7159e-09)
(9.35351e-06,-4.10682e-06)
(-1.04586e-10,-1.96838e-06)
(-0.00013257,-5.61993e-09)
(-0.000105196,5.49789e-09)
(6.14575e-05,-0.000117464)
(1.74964e-07,9.152e-08)
(4.87583e-05,-9.32136e-05)
(1.10915e-07,-4.61786e-08)
(-4.44661e-06,-1.0681e-05)
(-2.61759e-06,-6.28712e-06)
(1.05936e-05,-4.65098e-06)
(1.67311e-09,3.8106e-09)
(6.23567e-06,-2.73788e-06)
(2.73812e-10,3.41485e-06)
(0.000188351,1.18371e-08)
(-1.76224e-07,7.54655e-08)
(5.91314e-06,1.38096e-05)
(3.13364e-07,1.54464e-07)
(6.59879e-05,-0.00013387)
(3.6581e-09,7.54599e-09)
(9.73327e-06,-4.71844e-06)
(-0.00014925,1.1765e-08)
(-1.8699e-06,-4.36698e-06)
(-4.03956e-06,-9.43303e-06)
(5.89014e-05,-0.000119451)
(4.66605e-05,-9.46607e-05)
(1.0471e-05,-5.07555e-06)
(6.15586e-06,-2.9842e-06)
(-8.32992e-05,0.00016893)
(5.91314e-06,1.38096e-05)
(-1.3518e-05,6.55251e-06)
(-0.00014925,1.1765e-08)
(6.59879e-05,-0.00013387)
(-4.25808e-06,-9.94329e-06)
(9.73327e-06,-4.71844e-06)
(3.13364e-07,1.54464e-07)
(6.59879e-05,-0.00013387)
(5.57269e-08,-2.38643e-08)
(-1.8699e-06,-4.36698e-06)
(-4.03956e-06,-9.43303e-06)
(4.27476e-06,-2.07209e-06)
(3.47038e-09,7.15875e-09)
(9.23379e-06,-4.4763e-06)
(-1.93614e-10,-2.41466e-06)
(-0.000133184,-8.37007e-09)
(-0.000105536,8.31909e-09)
(5.89014e-05,-0.000119451)
(2.21582e-07,1.09223e-07)
(4.66605e-05,-9.46607e-05)
(1.36503e-07,-5.84553e-08)
(-4.5803e-06,-1.06969e-05)
(-2.69304e-06,-6.28869e-06)
(1.0471e-05,-5.07555e-06)
(2.31359e-09,4.7725e-09)
(6.15586e-06,-2.9842e-06)
(4.43224e-10,4.00619e-06)
(0.000189095,1.61458e-08)
(-2.0732e-07,9.08151e-08)
(6.05621e-06,1.38277e-05)
(3.77252e-07,1.76919e-07)
(6.35447e-05,-0.000135498)
(4.70481e-09,8.99782e-09)
(9.62201e-06,-5.03118e-06)
(-0.000149659,1.62697e-08)
(-1.91514e-06,-4.37269e-06)
(-4.13305e-06,-9.43526e-06)
(5.67965e-05,-0.000121048)
(4.49329e-05,-9.58119e-05)
(1.03624e-05,-5.41759e-06)
(6.08549e-06,-3.182e-06)
(-8.03223e-05,0.000171188)
(6.05621e-06,1.38277e-05)
(-1.33778e-05,6.99408e-06)
(-0.000149659,1.62697e-08)
(6.35447e-05,-0.000135498)
(-4.35661e-06,-9.94564e-06)
(9.62201e-06,-5.03118e-06)
(3.77252e-07,1.76919e-07)
(6.35447e-05,-0.000135498)
(6.55604e-08,-2.87182e-08)
(-1.91514e-06,-4.37269e-06)
(-4.13305e-06,-9.43526e-06)
(4.23042e-06,-2.21172e-06)
(4.46337e-09,8.53608e-09)
(9.12824e-06,-4.773e-06)
(-3.13406e-10,-2.83281e-06)
(-0.00013371,-1.14168e-08)
(-0.000105825,1.15044e-08)
(5.67965e-05,-0.000121048)
(2.66757e-07,1.251e-07)
(4.49329e-05,-9.58119e-05)
(1.60589e-07,-7.03451e-08)
(-4.69112e-06,-1.07109e-05)
(-2.75536e-06,-6.29017e-06)
(1.03624e-05,-5.41759e-06)
(2.97558e-09,5.69072e-09)
(6.08549e-06,-3.182e-06)
(7.00878e-10,4.6633e-06)
(0.000189862,2.16719e-08)
(-2.42016e-07,1.08379e-07)
(6.19956e-06,1.38467e-05)
(4.50413e-07,2.00817e-07)
(6.11131e-05,-0.00013707)
(5.97083e-09,1.06369e-08)
(9.50511e-06,-5.33551e-06)
(-0.000150076,2.21531e-08)
(-1.96047e-06,-4.3787e-06)
(-4.22639e-06,-9.43774e-06)
(5.47016e-05,-0.000122603)
(4.32135e-05,-9.69229e-05)
(1.02479e-05,-5.75147e-06)
(6.01156e-06,-3.37448e-06)
(-7.73597e-05,0.000173387)
(6.19956e-06,1.38467e-05)
(-1.323e-05,7.42511e-06)
(-0.000150076,2.21531e-08)
(6.11131e-05,-0.00013707)
(-4.45501e-06,-9.94826e-06)
(9.50511e-06,-5.33551e-06)
(4.50413e-07,2.00817e-07)
(6.11131e-05,-0.00013707)
(7.65321e-08,-3.42725e-08)
(-1.96047e-06,-4.3787e-06)
(-4.22639e-06,-9.43774e-06)
(4.18369e-06,-2.34803e-06)
(5.66442e-09,1.00911e-08)
(9.01734e-06,-5.06171e-06)
(-4.95595e-10,-3.29745e-06)
(-0.000134253,-1.53243e-08)
(-0.00010612,1.56646e-08)
(5.47016e-05,-0.000122603)
(3.1849e-07,1.41999e-07)
(4.32135e-05,-9.69229e-05)
(1.87465e-07,-8.395e-08)
(-4.80216e-06,-1.07256e-05)
(-2.8176e-06,-6.29183e-06)
(1.02479e-05,-5.75147e-06)
(3.77628e-09,6.72737e-09)
(6.01156e-06,-3.37448e-06)
(1.08032e-09,5.38209e-06)
(0.000190646,2.85881e-08)
(-2.80148e-07,1.28161e-07)
(6.34181e-06,1.38662e-05)
(5.32826e-07,2.25765e-07)
(5.8715e-05,-0.000138571)
(7.47154e-09,1.24559e-08)
(9.38409e-06,-5.62893e-06)
(-0.000150497,2.96541e-08)
(-2.00546e-06,-4.38489e-06)
(-4.31873e-06,-9.44033e-06)
(5.26367e-05,-0.000124106)
(4.15178e-05,-9.79847e-05)
(1.0129e-05,-6.07438e-06)
(5.93502e-06,-3.56004e-06)
(-7.44395e-05,0.000175512)
(6.34181e-06,1.38662e-05)
(-1.30765e-05,7.84199e-06)
(-0.000150497,2.96541e-08)
(5.8715e-05,-0.000138571)
(-4.55234e-06,-9.95099e-06)
(9.38409e-06,-5.62893e-06)
(5.32826e-07,2.25765e-07)
(5.8715e-05,-0.000138571)
(8.85906e-08,-4.05281e-08)
(-2.00546e-06,-4.38489e-06)
(-4.31873e-06,-9.44033e-06)
(4.13514e-06,-2.47986e-06)
(7.08812e-09,1.18167e-08)
(8.90253e-06,-5.34007e-06)
(-7.639e-10,-3.80571e-06)
(-0.000134807,-2.02149e-08)
(-0.000106418,2.09686e-08)
(5.26367e-05,-0.000124106)
(3.76765e-07,1.5964e-07)
(4.15178e-05,-9.79847e-05)
(2.17002e-07,-9.92731e-08)
(-4.91234e-06,-1.07407e-05)
(-2.87915e-06,-6.29356e-06)
(1.0129e-05,-6.07438e-06)
(4.72541e-09,7.87783e-09)
(5.93502e-06,-3.56004e-06)
(1.59119e-09,6.11842e-06)
(0.000191403,3.65954e-08)
(-3.19374e-07,1.48987e-07)
(6.47542e-06,1.38856e-05)
(6.19657e-07,2.50108e-07)
(5.64804e-05,-0.000139932)
(9.1279e-09,1.43444e-08)
(9.26656e-06,-5.89669e-06)
(-0.0001509,3.85052e-08)
(-2.04771e-06,-4.391e-06)
(-4.40516e-06,-9.44303e-06)
(5.07131e-05,-0.000125482)
(3.99377e-05,-9.89466e-05)
(1.00133e-05,-6.37006e-06)
(5.86069e-06,-3.7294e-06)
(-7.17192e-05,0.000177458)
(6.47542e-06,1.38856e-05)
(-1.29271e-05,8.22372e-06)
(-0.0001509,3.85052e-08)
(5.64804e-05,-0.000139932)
(-4.64344e-06,-9.95382e-06)
(9.26656e-06,-5.89669e-06)
(6.19657e-07,2.50108e-07)
(5.64804e-05,-0.000139932)
(1.00995e-07,-4.7114e-08)
(-2.04771e-06,-4.391e-06)
(-4.40516e-06,-9.44303e-06)
(4.08791e-06,-2.60057e-06)
(8.65949e-09,1.36082e-08)
(8.79103e-06,-5.59409e-06)
(-1.12514e-09,-4.32637e-06)
(-0.000135342,-2.58768e-08)
(-0.000106703,2.72273e-08)
(5.07131e-05,-0.000125482)
(4.38164e-07,1.76853e-07)
(3.99377e-05,-9.89466e-05)
(2.47386e-07,-1.15405e-07)
(-5.01584e-06,-1.07557e-05)
(-2.93677e-06,-6.29535e-06)
(1.00133e-05,-6.37006e-06)
(5.77299e-09,9.07217e-09)
(5.86069e-06,-3.7294e-06)
(2.12977e-09,6.73828e-06)
(0.000192011,4.40437e-08)
(-3.52532e-07,1.66939e-07)
(6.58016e-06,1.39013e-05)
(6.94543e-07,2.69701e-07)
(5.47397e-05,-0.000140965)
(1.06116e-08,1.59516e-08)
(9.17191e-06,-6.10148e-06)
(-0.00015122,4.68781e-08)
(-2.08083e-06,-4.39596e-06)
(-4.4727e-06,-9.4452e-06)
(4.9216e-05,-0.000126538)
(3.87068e-05,-9.96774e-05)
(9.92003e-06,-6.59691e-06)
(5.80083e-06,-3.85891e-06)
(-6.9602e-05,0.000178952)
(6.58016e-06,1.39013e-05)
(-1.28067e-05,8.51657e-06)
(-0.00015122,4.68781e-08)
(5.47397e-05,-0.000140965)
(-4.71464e-06,-9.95611e-06)
(9.17191e-06,-6.10148e-06)
(6.94543e-07,2.69701e-07)
(5.47397e-05,-0.000140965)
(1.11481e-07,-5.27908e-08)
(-2.08083e-06,-4.39596e-06)
(-4.4727e-06,-9.4452e-06)
(4.04983e-06,-2.69318e-06)
(1.0067e-08,1.5133e-08)
(8.70124e-06,-5.78837e-06)
(-1.50597e-09,-4.76468e-06)
(-0.000135773,-3.11436e-08)
(-0.000106929,3.31478e-08)
(4.9216e-05,-0.000126538)
(4.91116e-07,1.90707e-07)
(3.87068e-05,-9.96774e-05)
(2.7307e-07,-1.29311e-07)
(-5.09697e-06,-1.07679e-05)
(-2.9818e-06,-6.2968e-06)
(9.92003e-06,-6.59691e-06)
(6.71135e-09,1.00887e-08)
(5.80083e-06,-3.85891e-06)
(2.21352e-09,6.82488e-06)
(0.000192093,4.51357e-08)
(-3.57168e-07,1.69473e-07)
(6.59431e-06,1.39034e-05)
(7.05116e-07,2.7237e-07)
(5.45057e-05,-0.000141103)
(1.08249e-08,1.6177e-08)
(9.15905e-06,-6.12882e-06)
(-0.000151264,4.81147e-08)
(-2.0853e-06,-4.39665e-06)
(-4.48184e-06,-9.44556e-06)
(4.90143e-05,-0.000126678)
(3.85413e-05,-9.97747e-05)
(9.90729e-06,-6.6272e-06)
(5.79269e-06,-3.87621e-06)
(-6.93167e-05,0.00017915)
(6.59431e-06,1.39034e-05)
(-1.27903e-05,8.55568e-06)
(-0.000151264,4.81147e-08)
(5.45057e-05,-0.000141103)
(-4.72427e-06,-9.9565e-06)
(9.15905e-06,-6.12882e-06)
(7.05116e-07,2.7237e-07)
(5.45057e-05,-0.000141103)
(1.12946e-07,-5.35921e-08)
(-2.0853e-06,-4.39665e-06)
(-4.48184e-06,-9.44556e-06)
(4.04464e-06,-2.70554e-06)
(1.02694e-08,1.53468e-08)
(8.68904e-06,-5.81431e-06)
(-1.5652e-09,-4.82592e-06)
(-0.00013583,-3.19158e-08)
(-0.00010696,3.40222e-08)
(4.90143e-05,-0.000126678)
(4.98592e-07,1.92594e-07)
(3.85413e-05,-9.97747e-05)
(2.76661e-07,-1.31273e-07)
(-5.10793e-06,-1.07696e-05)
(-2.98789e-06,-6.29704e-06)
(9.90729e-06,-6.6272e-06)
(6.84628e-09,1.02312e-08)
(5.79269e-06,-3.87621e-06)
(2.28405e-09,6.89603e-06)
(0.000192161,4.60415e-08)
(-3.60985e-07,1.71564e-07)
(6.60587e-06,1.39052e-05)
(7.1384e-07,2.74555e-07)
(5.43145e-05,-0.000141215)
(1.10016e-08,1.63627e-08)
(9.14847e-06,-6.15107e-06)
(-0.0001513,4.91448e-08)
(-2.08896e-06,-4.39721e-06)
(-4.48928e-06,-9.44582e-06)
(4.88499e-05,-0.000126793)
(3.84062e-05,-9.98538e-05)
(9.89685e-06,-6.65189e-06)
(5.786e-06,-3.89028e-06)
(-6.90842e-05,0.000179313)
(6.60587e-06,1.39052e-05)
(-1.27768e-05,8.58756e-06)
(-0.0001513,4.91448e-08)
(5.43145e-05,-0.000141215)
(-4.73211e-06,-9.95677e-06)
(9.14847e-06,-6.15107e-06)
(7.1384e-07,2.74555e-07)
(5.43145e-05,-0.000141215)
(1.14153e-07,-5.42533e-08)
(-2.08896e-06,-4.39721e-06)
(-4.48928e-06,-9.44582e-06)
(4.04037e-06,-2.71562e-06)
(1.04371e-08,1.5523e-08)
(8.679e-06,-5.83542e-06)
(-1.61507e-09,-4.87623e-06)
(-0.000135878,-3.25562e-08)
(-0.000106985,3.47506e-08)
(4.88499e-05,-0.000126793)
(5.04761e-07,1.94139e-07)
(3.84062e-05,-9.98538e-05)
(2.79618e-07,-1.32893e-07)
(-5.11688e-06,-1.07709e-05)
(-2.99285e-06,-6.29721e-06)
(9.89685e-06,-6.65189e-06)
(6.95805e-09,1.03487e-08)
(5.786e-06,-3.89028e-06)
(2.31604e-09,6.92791e-06)
(0.000192191,4.64504e-08)
(-3.627e-07,1.72504e-07)
(6.61098e-06,1.3906e-05)
(7.17764e-07,2.75536e-07)
(5.42296e-05,-0.000141264)
(1.10812e-08,1.64462e-08)
(9.14374e-06,-6.16093e-06)
(-0.000151315,4.96079e-08)
(-2.09058e-06,-4.39745e-06)
(-4.49257e-06,-9.44592e-06)
(4.87769e-05,-0.000126844)
(3.83461e-05,-9.98887e-05)
(9.89218e-06,-6.66283e-06)
(5.78301e-06,-3.89651e-06)
(-6.8981e-05,0.000179385)
(6.61098e-06,1.3906e-05)
(-1.27708e-05,8.60167e-06)
(-0.000151315,4.96079e-08)
(5.42296e-05,-0.000141264)
(-4.73559e-06,-9.95687e-06)
(9.14374e-06,-6.16093e-06)
(7.17764e-07,2.75536e-07)
(5.42296e-05,-0.000141264)
(1.14696e-07,-5.45505e-08)
(-2.09058e-06,-4.39745e-06)
(-4.49257e-06,-9.44592e-06)
(4.03847e-06,-2.72009e-06)
(1.05126e-08,1.56022e-08)
(8.67452e-06,-5.84477e-06)
(-1.63768e-09,-4.89877e-06)
(-0.000135899,-3.28454e-08)
(-0.000106996,3.50781e-08)
(4.87769e-05,-0.000126844)
(5.07536e-07,1.94833e-07)
(3.83461e-05,-9.98887e-05)
(2.80946e-07,-1.33621e-07)
(-5.12084e-06,-1.07715e-05)
(-2.99505e-06,-6.29728e-06)
(9.89218e-06,-6.66283e-06)
(7.00837e-09,1.04015e-08)
(5.78301e-06,-3.89651e-06)
(2.34021e-09,6.95169e-06)
(0.000192214,4.67558e-08)
(-3.63972e-07,1.73203e-07)
(6.61485e-06,1.39066e-05)
(7.20678e-07,2.76258e-07)
(5.41661e-05,-0.000141301)
(1.11406e-08,1.65081e-08)
(9.14024e-06,-6.16833e-06)
(-0.000151328,4.99577e-08)
(-2.0918e-06,-4.39766e-06)
(-4.49506e-06,-9.44603e-06)
(4.87225e-05,-0.000126883)
(3.83012e-05,-9.99152e-05)
(9.88873e-06,-6.67105e-06)
(5.78079e-06,-3.9012e-06)
(-6.8904e-05,0.00017944)
(6.61485e-06,1.39066e-05)
(-1.27663e-05,8.61229e-06)
(-0.000151328,4.99577e-08)
(5.41661e-05,-0.000141301)
(-4.73821e-06,-9.95699e-06)
(9.14024e-06,-6.16833e-06)
(7.20678e-07,2.76258e-07)
(5.41661e-05,-0.000141301)
(1.15098e-07,-5.47715e-08)
(-2.0918e-06,-4.39766e-06)
(-4.49506e-06,-9.44603e-06)
(4.03706e-06,-2.72344e-06)
(1.05689e-08,1.56609e-08)
(8.67119e-06,-5.85179e-06)
(-1.65478e-09,-4.91559e-06)
(-0.000135916,-3.30613e-08)
(-0.000107005,3.53254e-08)
(4.87225e-05,-0.000126883)
(5.09597e-07,1.95344e-07)
(3.83012e-05,-9.99152e-05)
(2.81931e-07,-1.34162e-07)
(-5.12384e-06,-1.0772e-05)
(-2.99671e-06,-6.29735e-06)
(9.88873e-06,-6.67105e-06)
(7.04591e-09,1.04406e-08)
(5.78079e-06,-3.9012e-06)
(2.36465e-09,6.97565e-06)
(0.000192237,4.70649e-08)
(-3.65256e-07,1.73908e-07)
(6.6187e-06,1.39072e-05)
(7.23615e-07,2.76985e-07)
(5.41026e-05,-0.000141338)
(1.12004e-08,1.65705e-08)
(9.1367e-06,-6.17571e-06)
(-0.000151339,5.03091e-08)
(-2.09302e-06,-4.39784e-06)
(-4.49754e-06,-9.44611e-06)
(4.86678e-05,-0.000126921)
(3.82563e-05,-9.99414e-05)
(9.88525e-06,-6.67924e-06)
(5.77856e-06,-3.90586e-06)
(-6.88267e-05,0.000179494)
(6.6187e-06,1.39072e-05)
(-1.27618e-05,8.62286e-06)
(-0.000151339,5.03091e-08)
(5.41026e-05,-0.000141338)
(-4.74082e-06,-9.95708e-06)
(9.1367e-06,-6.17571e-06)
(7.23615e-07,2.76985e-07)
(5.41026e-05,-0.000141338)
(1.15504e-07,-5.49945e-08)
(-2.09302e-06,-4.39784e-06)
(-4.49754e-06,-9.44611e-06)
(4.03564e-06,-2.72679e-06)
(1.06256e-08,1.57201e-08)
(8.66784e-06,-5.85879e-06)
(-1.67206e-09,-4.93253e-06)
(-0.000135932,-3.32799e-08)
(-0.000107013,3.55739e-08)
(4.86678e-05,-0.000126921)
(5.11673e-07,1.95858e-07)
(3.82563e-05,-9.99414e-05)
(2.82926e-07,-1.34709e-07)
(-5.12682e-06,-1.07725e-05)
(-2.99836e-06,-6.29741e-06)
(9.88525e-06,-6.67924e-06)
(7.08374e-09,1.04801e-08)
(5.77856e-06,-3.90586e-06)
(2.38928e-09,6.99959e-06)
(0.00019226,4.73746e-08)
(-3.6654e-07,1.74614e-07)
(6.62255e-06,1.39078e-05)
(7.26566e-07,2.77715e-07)
(5.40391e-05,-0.000141376)
(1.12606e-08,1.66333e-08)
(9.13318e-06,-6.18309e-06)
(-0.000151352,5.06625e-08)
(-2.09423e-06,-4.39804e-06)
(-4.50001e-06,-9.44621e-06)
(4.86132e-05,-0.000126959)
(3.82114e-05,-9.99677e-05)
(9.88178e-06,-6.68744e-06)
(5.77633e-06,-3.91053e-06)
(-6.87495e-05,0.000179548)
(6.62255e-06,1.39078e-05)
(-1.27573e-05,8.63344e-06)
(-0.000151352,5.06625e-08)
(5.40391e-05,-0.000141376)
(-4.74343e-06,-9.95718e-06)
(9.13318e-06,-6.18309e-06)
(7.26566e-07,2.77715e-07)
(5.40391e-05,-0.000141376)
(1.1591e-07,-5.52176e-08)
(-2.09423e-06,-4.39804e-06)
(-4.50001e-06,-9.44621e-06)
(4.03422e-06,-2.73013e-06)
(1.06828e-08,1.57797e-08)
(8.6645e-06,-5.86579e-06)
(-1.68947e-09,-4.94946e-06)
(-0.000135948,-3.34989e-08)
(-0.000107022,3.58238e-08)
(4.86132e-05,-0.000126959)
(5.1376e-07,1.96374e-07)
(3.82114e-05,-9.99677e-05)
(2.83921e-07,-1.35255e-07)
(-5.12981e-06,-1.07729e-05)
(-3.00001e-06,-6.29747e-06)
(9.88178e-06,-6.68744e-06)
(7.12184e-09,1.05198e-08)
(5.77633e-06,-3.91053e-06)
(9.58608e-09,1.10789e-05)
(0.000195773,1.13277e-07)
(-5.87694e-07,3.01972e-07)
(7.18744e-06,1.40032e-05)
(1.25877e-06,3.85725e-07)
(4.48743e-05,-0.000146432)
(2.30832e-08,2.75253e-08)
(8.59073e-06,-7.20432e-06)
(-0.000153154,1.29656e-07)
(-2.27287e-06,-4.4282e-06)
(-4.86107e-06,-9.46058e-06)
(4.07494e-05,-0.000132299)
(3.17309e-05,-0.000103543)
(9.3454e-06,-7.83024e-06)
(5.43325e-06,-4.55641e-06)
(-5.76284e-05,0.000187099)
(7.18744e-06,1.40032e-05)
(-1.20649e-05,1.01088e-05)
(-0.000153154,1.29656e-07)
(4.48743e-05,-0.000146432)
(-5.12402e-06,-9.97232e-06)
(8.59073e-06,-7.20432e-06)
(1.25877e-06,3.85725e-07)
(4.48743e-05,-0.000146432)
(1.85845e-07,-9.5492e-08)
(-2.27287e-06,-4.4282e-06)
(-4.86107e-06,-9.46058e-06)
(3.81525e-06,-3.19668e-06)
(2.18986e-08,2.61128e-08)
(8.14988e-06,-6.83462e-06)
(-6.77838e-09,-7.83398e-06)
(-0.000138432,-8.00986e-08)
(-0.000108296,9.16808e-08)
(4.07494e-05,-0.000132299)
(8.90084e-07,2.72749e-07)
(3.17309e-05,-0.000103543)
(4.55226e-07,-2.33907e-07)
(-5.56737e-06,-1.08468e-05)
(-3.24072e-06,-6.30705e-06)
(9.3454e-06,-7.83024e-06)
(1.45991e-08,1.74085e-08)
(5.43325e-06,-4.55641e-06)
(1.27068e-08,1.21586e-05)
(0.000196622,1.34839e-07)
(-6.46938e-07,3.37839e-07)
(7.3157e-06,1.40272e-05)
(1.40887e-06,4.0924e-07)
(4.2843e-05,-0.000147481)
(2.67134e-08,3.04672e-08)
(8.46249e-06,-7.41982e-06)
(-0.000153578,1.56952e-07)
(-2.31343e-06,-4.43581e-06)
(-4.94237e-06,-9.46434e-06)
(3.90133e-05,-0.000133447)
(3.02946e-05,-0.000104285)
(9.21848e-06,-8.07401e-06)
(5.35215e-06,-4.69271e-06)
(-5.51732e-05,0.000188722)
(7.3157e-06,1.40272e-05)
(-1.1901e-05,1.04235e-05)
(-0.000153578,1.56952e-07)
(4.2843e-05,-0.000147481)
(-5.20972e-06,-9.97629e-06)
(8.46249e-06,-7.41982e-06)
(1.40887e-06,4.0924e-07)
(4.2843e-05,-0.000147481)
(2.0458e-07,-1.06834e-07)
(-2.31343e-06,-4.43581e-06)
(-4.94237e-06,-9.46434e-06)
(3.76343e-06,-3.2962e-06)
(2.53426e-08,2.89038e-08)
(8.02823e-06,-7.03906e-06)
(-8.98508e-09,-8.59742e-06)
(-0.000139033,-9.53455e-08)
(-0.000108596,1.10982e-07)
(3.90133e-05,-0.000133447)
(9.96224e-07,2.89376e-07)
(3.02946e-05,-0.000104285)
(5.01116e-07,-2.61689e-07)
(-5.66672e-06,-1.08655e-05)
(-3.29491e-06,-6.30956e-06)
(9.21848e-06,-8.07401e-06)
(1.6895e-08,1.92692e-08)
(5.35215e-06,-4.69271e-06)
(1.64504e-08,1.32393e-05)
(0.000197447,1.58033e-07)
(-7.06561e-07,3.74592e-07)
(7.43783e-06,1.40509e-05)
(1.56279e-06,4.30794e-07)
(4.09252e-05,-0.000148448)
(3.05479e-08,3.34311e-08)
(8.33894e-06,-7.61974e-06)
(-0.000153986,1.87001e-07)
(-2.35205e-06,-4.44329e-06)
(-5.01955e-06,-9.46799e-06)
(3.73772e-05,-0.00013452)
(2.89385e-05,-0.000104969)
(9.0962e-06,-8.30113e-06)
(5.27401e-06,-4.81915e-06)
(-5.28593e-05,0.00019024)
(7.43783e-06,1.40509e-05)
(-1.17431e-05,1.07167e-05)
(-0.000153986,1.87001e-07)
(4.09252e-05,-0.000148448)
(-5.29107e-06,-9.98014e-06)
(8.33894e-06,-7.61974e-06)
(1.56279e-06,4.30794e-07)
(4.09252e-05,-0.000148448)
(2.23434e-07,-1.18456e-07)
(-2.35205e-06,-4.44329e-06)
(-5.01955e-06,-9.46799e-06)
(3.71351e-06,-3.38892e-06)
(2.89803e-08,3.17155e-08)
(7.91102e-06,-7.22872e-06)
(-1.16322e-08,-9.36158e-06)
(-0.000139616,-1.11746e-07)
(-0.000108884,1.3223e-07)
(3.73772e-05,-0.00013452)
(1.10506e-06,3.04617e-07)
(2.89385e-05,-0.000104969)
(5.473e-07,-2.90157e-07)
(-5.76132e-06,-1.08838e-05)
(-3.34636e-06,-6.31199e-06)
(9.0962e-06,-8.30113e-06)
(1.93202e-08,2.11437e-08)
(5.27401e-06,-4.81915e-06)
(2.03606e-08,1.42033e-05)
(0.000198165,1.80032e-07)
(-7.59957e-07,4.08044e-07)
(7.5423e-06,1.40718e-05)
(1.70295e-06,4.4834e-07)
(3.92992e-05,-0.000149252)
(3.41327e-08,3.60862e-08)
(8.23248e-06,-7.78681e-06)
(-0.000154339,2.16136e-07)
(-2.38508e-06,-4.44991e-06)
(-5.08542e-06,-9.47131e-06)
(3.59923e-05,-0.000135423)
(2.77887e-05,-0.000105537)
(8.9908e-06,-8.49161e-06)
(5.20668e-06,-4.92481e-06)
(-5.09008e-05,0.000191517)
(7.5423e-06,1.40718e-05)
(-1.16071e-05,1.09626e-05)
(-0.000154339,2.16136e-07)
(3.92992e-05,-0.000149252)
(-5.3605e-06,-9.98364e-06)
(8.23248e-06,-7.78681e-06)
(1.70295e-06,4.4834e-07)
(3.92992e-05,-0.000149252)
(2.40319e-07,-1.29035e-07)
(-2.38508e-06,-4.44991e-06)
(-5.08542e-06,-9.47131e-06)
(3.67048e-06,-3.46668e-06)
(3.23812e-08,3.42344e-08)
(7.81002e-06,-7.38721e-06)
(-1.43972e-08,-1.00432e-05)
(-0.000140124,-1.27302e-07)
(-0.000109134,1.52831e-07)
(3.59923e-05,-0.000135423)
(1.20417e-06,3.17024e-07)
(2.77887e-05,-0.000105537)
(5.8866e-07,-3.16069e-07)
(-5.84224e-06,-1.09e-05)
(-3.39028e-06,-6.31421e-06)
(8.9908e-06,-8.49161e-06)
(2.15874e-08,2.28229e-08)
(5.20668e-06,-4.92481e-06)
(3.40135e-08,1.68175e-05)
(0.000200047,2.45548e-07)
(-9.05971e-07,5.01939e-07)
(7.80816e-06,1.41281e-05)
(2.09657e-06,4.88233e-07)
(3.52194e-05,-0.000151206)
(4.4627e-08,4.33341e-08)
(7.95856e-06,-8.19595e-06)
(-0.000155253,3.06369e-07)
(-2.46916e-06,-4.46769e-06)
(-5.25232e-06,-9.4802e-06)
(3.253e-05,-0.000137664)
(2.49039e-05,-0.000106919)
(8.71991e-06,-8.96132e-06)
(5.03343e-06,-5.18358e-06)
(-4.60043e-05,0.000194686)
(7.80816e-06,1.41281e-05)
(-1.12574e-05,1.1569e-05)
(-0.000155253,3.06369e-07)
(3.52194e-05,-0.000151206)
(-5.53643e-06,-9.99301e-06)
(7.95856e-06,-8.19595e-06)
(2.09657e-06,4.88233e-07)
(3.52194e-05,-0.000151206)
(2.86493e-07,-1.58727e-07)
(-2.46916e-06,-4.46769e-06)
(-5.25232e-06,-9.4802e-06)
(3.55989e-06,-3.65845e-06)
(4.23369e-08,4.11103e-08)
(7.55015e-06,-7.77536e-06)
(-2.40512e-08,-1.18918e-05)
(-0.000141455,-1.73629e-07)
(-0.000109781,2.16636e-07)
(3.253e-05,-0.000137664)
(1.4825e-06,3.45233e-07)
(2.49039e-05,-0.000106919)
(7.01762e-07,-3.888e-07)
(-6.04818e-06,-1.09436e-05)
(-3.50154e-06,-6.32013e-06)
(8.71991e-06,-8.96132e-06)
(2.82246e-08,2.74069e-08)
(5.03343e-06,-5.18358e-06)
(4.91017e-08,1.89758e-05)
(0.00020154,3.05643e-07)
(-1.02753e-06,5.82651e-07)
(8.01164e-06,1.41733e-05)
(2.43563e-06,5.12854e-07)
(3.2145e-05,-0.000152613)
(5.41174e-08,4.93466e-08)
(7.74584e-06,-8.49463e-06)
(-0.000155961,3.93367e-07)
(-2.5335e-06,-4.48198e-06)
(-5.37944e-06,-9.48698e-06)
(2.99357e-05,-0.000139331)
(2.273e-05,-0.000107913)
(8.50973e-06,-9.30728e-06)
(4.8989e-06,-5.37248e-06)
(-4.23355e-05,0.000197044)
(8.01164e-06,1.41733e-05)
(-1.0986e-05,1.20156e-05)
(-0.000155961,3.93367e-07)
(3.2145e-05,-0.000152613)
(-5.67042e-06,-1.00002e-05)
(7.74584e-06,-8.49463e-06)
(2.43563e-06,5.12854e-07)
(3.2145e-05,-0.000152613)
(3.24935e-07,-1.84251e-07)
(-2.5335e-06,-4.48198e-06)
(-5.37944e-06,-9.48698e-06)
(3.47408e-06,-3.79968e-06)
(5.13403e-08,4.68143e-08)
(7.34835e-06,-8.05872e-06)
(-3.47202e-08,-1.34179e-05)
(-0.000142511,-2.16122e-07)
(-0.000110281,2.78153e-07)
(2.99357e-05,-0.000139331)
(1.72225e-06,3.62643e-07)
(2.273e-05,-0.000107913)
(7.95924e-07,-4.5132e-07)
(-6.20579e-06,-1.09786e-05)
(-3.58629e-06,-6.32465e-06)
(8.50973e-06,-9.30728e-06)
(3.42269e-08,3.12096e-08)
(4.8989e-06,-5.37248e-06)
(7.54375e-09,1.0236e-05)
(0.000195093,9.75924e-08)
(-5.41563e-07,2.74531e-07)
(7.08254e-06,1.39845e-05)
(1.14397e-06,3.65874e-07)
(4.65531e-05,-0.000145549)
(2.03915e-08,2.52435e-08)
(8.69476e-06,-7.02355e-06)
(-0.000152813,1.10239e-07)
(-2.2397e-06,-4.42229e-06)
(-4.79438e-06,-9.45781e-06)
(4.21864e-05,-0.000131343)
(3.2918e-05,-0.000102919)
(9.44844e-06,-7.62656e-06)
(5.49905e-06,-4.44208e-06)
(-5.96605e-05,0.000185747)
(7.08254e-06,1.39845e-05)
(-1.21979e-05,9.84585e-06)
(-0.000152813,1.10239e-07)
(4.65531e-05,-0.000145549)
(-5.05372e-06,-9.96941e-06)
(8.69476e-06,-7.02355e-06)
(1.14397e-06,3.65874e-07)
(4.65531e-05,-0.000145549)
(1.71257e-07,-8.68144e-08)
(-2.2397e-06,-4.42229e-06)
(-4.79438e-06,-9.45781e-06)
(3.85731e-06,-3.11353e-06)
(1.93451e-08,2.39481e-08)
(8.24858e-06,-6.66313e-06)
(-5.33424e-09,-7.23792e-06)
(-0.000137952,-6.90083e-08)
(-0.000108055,7.79504e-08)
(4.21864e-05,-0.000131343)
(8.0891e-07,2.58712e-07)
(3.2918e-05,-0.000102919)
(4.19493e-07,-2.12651e-07)
(-5.48611e-06,-1.08324e-05)
(-3.19625e-06,-6.30521e-06)
(9.44844e-06,-7.62656e-06)
(1.28967e-08,1.59654e-08)
(5.49905e-06,-4.44208e-06)
(1.26411e-08,1.21378e-05)
(0.000196606,1.34409e-07)
(-6.45801e-07,3.37143e-07)
(7.31328e-06,1.40268e-05)
(1.40596e-06,4.0881e-07)
(4.28809e-05,-0.000147462)
(2.66418e-08,3.04107e-08)
(8.4649e-06,-7.41582e-06)
(-0.00015357,1.56401e-07)
(-2.31266e-06,-4.43565e-06)
(-4.94084e-06,-9.46425e-06)
(3.90457e-05,-0.000133426)
(3.03214e-05,-0.000104271)
(9.22086e-06,-8.06947e-06)
(5.35368e-06,-4.69017e-06)
(-5.5219e-05,0.000188692)
(7.31328e-06,1.40268e-05)
(-1.19041e-05,1.04176e-05)
(-0.00015357,1.56401e-07)
(4.28809e-05,-0.000147462)
(-5.20811e-06,-9.9762e-06)
(8.4649e-06,-7.41582e-06)
(1.40596e-06,4.0881e-07)
(4.28809e-05,-0.000147462)
(2.0422e-07,-1.06614e-07)
(-2.31266e-06,-4.43565e-06)
(-4.94084e-06,-9.46425e-06)
(3.7644e-06,-3.29435e-06)
(2.52747e-08,2.88501e-08)
(8.03051e-06,-7.03526e-06)
(-8.93862e-09,-8.58275e-06)
(-0.000139021,-9.50418e-08)
(-0.00010859,1.10592e-07)
(3.90457e-05,-0.000133426)
(9.94167e-07,2.89072e-07)
(3.03214e-05,-0.000104271)
(5.00235e-07,-2.6115e-07)
(-5.66485e-06,-1.08651e-05)
(-3.2939e-06,-6.3095e-06)
(9.22086e-06,-8.06947e-06)
(1.68498e-08,1.92334e-08)
(5.35368e-06,-4.69017e-06)
(2.08984e-08,1.43258e-05)
(0.000198256,1.82914e-07)
(-7.66758e-07,4.12341e-07)
(7.55531e-06,1.40745e-05)
(1.72096e-06,4.50459e-07)
(3.90978e-05,-0.000149351)
(3.45998e-08,3.64248e-08)
(8.21918e-06,-7.80734e-06)
(-0.000154384,2.19997e-07)
(-2.3892e-06,-4.45075e-06)
(-5.0936e-06,-9.47174e-06)
(3.5821e-05,-0.000135534)
(2.76463e-05,-0.000105607)
(8.97765e-06,-8.51508e-06)
(5.19827e-06,-4.9378e-06)
(-5.06585e-05,0.000191674)
(7.55531e-06,1.40745e-05)
(-1.15901e-05,1.09929e-05)
(-0.000154384,2.19997e-07)
(3.90978e-05,-0.000149351)
(-5.36913e-06,-9.98409e-06)
(8.21918e-06,-7.80734e-06)
(1.72096e-06,4.50459e-07)
(3.90978e-05,-0.000149351)
(2.4247e-07,-1.30394e-07)
(-2.3892e-06,-4.45075e-06)
(-5.0936e-06,-9.47174e-06)
(3.66511e-06,-3.47627e-06)
(3.28242e-08,3.45556e-08)
(7.7974e-06,-7.4067e-06)
(-1.47774e-08,-1.01299e-05)
(-0.000140188,-1.2934e-07)
(-0.000109166,1.55561e-07)
(3.5821e-05,-0.000135534)
(1.2169e-06,3.18523e-07)
(2.76463e-05,-0.000105607)
(5.93929e-07,-3.19398e-07)
(-5.85232e-06,-1.09021e-05)
(-3.39574e-06,-6.31449e-06)
(8.97765e-06,-8.51508e-06)
(2.18828e-08,2.30371e-08)
(5.19827e-06,-4.9378e-06)
(1.77082e-08,1.35649e-05)
(0.000197691,1.6533e-07)
(-7.24582e-07,3.85824e-07)
(7.47349e-06,1.40579e-05)
(1.60986e-06,4.36908e-07)
(4.03679e-05,-0.000148725)
(3.17417e-08,3.43272e-08)
(8.30261e-06,-7.67723e-06)
(-0.000154106,1.96588e-07)
(-2.36332e-06,-4.4455e-06)
(-5.04206e-06,-9.46908e-06)
(3.69023e-05,-0.00013483)
(2.85444e-05,-0.000105164)
(9.06019e-06,-8.36656e-06)
(5.25103e-06,-4.8555e-06)
(-5.21878e-05,0.000190678)
(7.47349e-06,1.40579e-05)
(-1.16967e-05,1.08012e-05)
(-0.000154106,1.96588e-07)
(4.03679e-05,-0.000148725)
(-5.3148e-06,-9.98129e-06)
(8.30261e-06,-7.67723e-06)
(1.60986e-06,4.36908e-07)
(4.03679e-05,-0.000148725)
(2.29133e-07,-1.22008e-07)
(-2.36332e-06,-4.4455e-06)
(-5.04206e-06,-9.46908e-06)
(3.69881e-06,-3.41564e-06)
(3.01128e-08,3.25657e-08)
(7.87655e-06,-7.28326e-06)
(-1.25216e-08,-9.59183e-06)
(-0.000139789,-1.16906e-07)
(-0.000108969,1.39009e-07)
(3.69023e-05,-0.00013483)
(1.13835e-06,3.08941e-07)
(2.85444e-05,-0.000105164)
(5.61259e-07,-2.98858e-07)
(-5.78894e-06,-1.08892e-05)
(-3.36137e-06,-6.31272e-06)
(9.06019e-06,-8.36656e-06)
(2.00752e-08,2.17105e-08)
(5.25103e-06,-4.8555e-06)
(6.79395e-08,2.11105e-05)
(0.00020298,3.69869e-07)
(-1.14897e-06,6.65414e-07)
(8.20305e-06,1.42193e-05)
(2.78345e-06,5.29956e-07)
(2.93115e-05,-0.00015388)
(6.42418e-08,5.53116e-08)
(7.54599e-06,-8.76423e-06)
(-0.000156646,4.90926e-07)
(-2.59403e-06,-4.49654e-06)
(-5.49853e-06,-9.49444e-06)
(2.75553e-05,-0.000140859)
(2.07264e-05,-0.00010881)
(8.31276e-06,-9.62212e-06)
(4.7725e-06,-5.54298e-06)
(-3.8969e-05,0.000199204)
(8.20305e-06,1.42193e-05)
(-1.07317e-05,1.24221e-05)
(-0.000156646,4.90926e-07)
(2.93115e-05,-0.00015388)
(-5.79596e-06,-1.0008e-05)
(7.54599e-06,-8.76423e-06)
(2.78345e-06,5.29956e-07)
(2.93115e-05,-0.00015388)
(3.63337e-07,-2.10422e-07)
(-2.59403e-06,-4.49654e-06)
(-5.49853e-06,-9.49444e-06)
(3.39367e-06,-3.92822e-06)
(6.09451e-08,5.24732e-08)
(7.15875e-06,-8.31447e-06)
(-4.80404e-08,-1.49274e-05)
(-0.000143528,-2.61537e-07)
(-0.000110766,3.47137e-07)
(2.75553e-05,-0.000140859)
(1.9682e-06,3.74735e-07)
(2.07264e-05,-0.00010881)
(8.8999e-07,-5.15427e-07)
(-6.35406e-06,-1.10142e-05)
(-3.66569e-06,-6.32963e-06)
(8.31276e-06,-9.62212e-06)
(4.06301e-08,3.49821e-08)
(4.7725e-06,-5.54298e-06)
(1.66713e-07,2.83244e-05)
(0.000207626,6.16115e-07)
(-1.56656e-06,9.64917e-07)
(8.79198e-06,1.43743e-05)
(4.04502e-06,5.3487e-07)
(2.08449e-05,-0.000157434)
(1.03775e-07,7.53934e-08)
(6.92611e-06,-9.53323e-06)
(-0.000158805,9.07373e-07)
(-2.78027e-06,-4.54556e-06)
(-5.86263e-06,-9.51829e-06)
(2.05334e-05,-0.000145371)
(1.47396e-05,-0.000111323)
(7.70444e-06,-1.05354e-05)
(4.38046e-06,-6.02935e-06)
(-2.90386e-05,0.000205586)
(8.79198e-06,1.43743e-05)
(-9.94639e-06,1.36011e-05)
(-0.000158805,9.07373e-07)
(2.08449e-05,-0.000157434)
(-6.17975e-06,-1.00332e-05)
(6.92611e-06,-9.53323e-06)
(4.04502e-06,5.3487e-07)
(2.08449e-05,-0.000157434)
(4.95388e-07,-3.05134e-07)
(-2.78027e-06,-4.54556e-06)
(-5.86263e-06,-9.51829e-06)
(3.14533e-06,-4.30104e-06)
(9.84499e-08,7.15245e-08)
(6.57069e-06,-9.04402e-06)
(-1.17884e-07,-2.00284e-05)
(-0.000146814,-4.35659e-07)
(-0.000112292,6.41609e-07)
(2.05334e-05,-0.000145371)
(2.86026e-06,3.7821e-07)
(1.47396e-05,-0.000111323)
(1.21345e-06,-7.47422e-07)
(-6.81023e-06,-1.11343e-05)
(-3.90842e-06,-6.34552e-06)
(7.70444e-06,-1.05354e-05)
(6.56333e-08,4.7683e-08)
(4.38046e-06,-6.02935e-06)
(2.21066e-07,3.10576e-05)
(0.000209327,7.18465e-07)
(-1.72771e-06,1.08622e-06)
(8.99854e-06,1.44343e-05)
(4.55701e-06,5.15409e-07)
(1.79695e-05,-0.000158571)
(1.20908e-07,8.29093e-08)
(6.70863e-06,-9.78297e-06)
(-0.000159582,1.10139e-06)
(-2.84559e-06,-4.56452e-06)
(-5.98959e-06,-9.52711e-06)
(1.81858e-05,-0.000146896)
(1.27063e-05,-0.000112127)
(7.49245e-06,-1.08377e-05)
(4.24291e-06,-6.18729e-06)
(-2.57186e-05,0.000207742)
(8.99854e-06,1.44343e-05)
(-9.67271e-06,1.39914e-05)
(-0.000159582,1.10139e-06)
(1.79695e-05,-0.000158571)
(-6.31358e-06,-1.00425e-05)
(6.70863e-06,-9.78297e-06)
(4.55701e-06,5.15409e-07)
(1.79695e-05,-0.000158571)
(5.46349e-07,-3.43494e-07)
(-2.84559e-06,-4.56452e-06)
(-5.98959e-06,-9.52711e-06)
(3.05878e-06,-4.42448e-06)
(1.14703e-07,7.86547e-08)
(6.36437e-06,-9.28094e-06)
(-1.56317e-07,-2.19611e-05)
(-0.000148017,-5.08032e-07)
(-0.000112842,7.78801e-07)
(1.81858e-05,-0.000146896)
(3.2223e-06,3.64449e-07)
(1.27063e-05,-0.000112127)
(1.33828e-06,-8.41386e-07)
(-6.97024e-06,-1.11807e-05)
(-3.99306e-06,-6.35141e-06)
(7.49245e-06,-1.08377e-05)
(7.64687e-08,5.24365e-08)
(4.24291e-06,-6.18729e-06)
(3.41931e-07,3.57995e-05)
(0.000212215,9.03634e-07)
(-2.01083e-06,1.30656e-06)
(9.34165e-06,1.45404e-05)
(5.48829e-06,4.53437e-07)
(1.3298e-05,-0.000160352)
(1.53481e-07,9.57359e-08)
(6.34857e-06,-1.01774e-05)
(-0.000160896,1.48706e-06)
(-2.95409e-06,-4.59809e-06)
(-6.19993e-06,-9.54232e-06)
(1.44196e-05,-0.000149366)
(9.40312e-06,-0.000113386)
(7.14345e-06,-1.13219e-05)
(4.01519e-06,-6.43673e-06)
(-2.03924e-05,0.000211235)
(9.34165e-06,1.45404e-05)
(-9.22215e-06,1.46165e-05)
(-0.000160896,1.48706e-06)
(1.3298e-05,-0.000160352)
(-6.5353e-06,-1.00585e-05)
(6.34857e-06,-1.01774e-05)
(5.48829e-06,4.53437e-07)
(1.3298e-05,-0.000160352)
(6.3588e-07,-4.13169e-07)
(-2.95409e-06,-4.59809e-06)
(-6.19993e-06,-9.54232e-06)
(2.9163e-06,-4.62215e-06)
(1.45605e-07,9.0823e-08)
(6.02278e-06,-9.6551e-06)
(-2.41782e-07,-2.53141e-05)
(-0.000150059,-6.38966e-07)
(-0.00011377,1.05151e-06)
(1.44196e-05,-0.000149366)
(3.88081e-06,3.20629e-07)
(9.40312e-06,-0.000113386)
(1.55758e-06,-1.01205e-06)
(-7.23601e-06,-1.1263e-05)
(-4.13329e-06,-6.36154e-06)
(7.14345e-06,-1.13219e-05)
(9.707e-08,6.05487e-08)
(4.01519e-06,-6.43673e-06)
(6.01425e-07,4.3e-05)
(0.000216497,1.19221e-06)
(-2.44984e-06,1.66549e-06)
(9.83546e-06,1.47079e-05)
(7.0086e-06,2.89065e-07)
(6.79137e-06,-0.000162708)
(2.10066e-07,1.14477e-07)
(5.83423e-06,-1.07049e-05)
(-0.000162835,2.19698e-06)
(-3.11025e-06,-4.65103e-06)
(-6.50219e-06,-9.56512e-06)
(9.28883e-06,-0.000152806)
(4.80222e-06,-0.000115052)
(6.64993e-06,-1.19839e-05)
(3.68989e-06,-6.77038e-06)
(-1.31364e-05,0.000216101)
(9.83546e-06,1.47079e-05)
(-8.58502e-06,1.54711e-05)
(-0.000162835,2.19698e-06)
(6.79137e-06,-0.000162708)
(-6.85391e-06,-1.00825e-05)
(5.83423e-06,-1.07049e-05)
(7.0086e-06,2.89065e-07)
(6.79137e-06,-0.000162708)
(7.74709e-07,-5.26674e-07)
(-3.11025e-06,-4.65103e-06)
(-6.50219e-06,-9.56512e-06)
(2.71482e-06,-4.89239e-06)
(1.99286e-07,1.08602e-07)
(5.53483e-06,-1.01556e-05)
(-4.25272e-07,-3.04056e-05)
(-0.000153086,-8.43017e-07)
(-0.000115141,1.5535e-06)
(9.28883e-06,-0.000152806)
(4.95583e-06,2.044e-07)
(4.80222e-06,-0.000115052)
(1.89764e-06,-1.29008e-06)
(-7.61852e-06,-1.13927e-05)
(-4.33479e-06,-6.37675e-06)
(6.64993e-06,-1.19839e-05)
(1.32857e-07,7.24014e-08)
(3.68989e-06,-6.77038e-06)
(7.95372e-07,4.70675e-05)
(0.000218872,1.35278e-06)
(-2.70233e-06,1.88113e-06)
(1.01041e-05,1.48065e-05)
(7.92366e-06,1.57288e-07)
(3.35622e-06,-0.0001639)
(2.45968e-07,1.24541e-07)
(5.55712e-06,-1.0974e-05)
(-0.000163913,2.66715e-06)
(-3.1952e-06,-4.68223e-06)
(-6.6666e-06,-9.57786e-06)
(6.64145e-06,-0.000154626)
(2.3732e-06,-0.000115895)
(6.38707e-06,-1.23289e-05)
(3.51463e-06,-6.94056e-06)
(-9.39243e-06,0.000218674)
(1.01041e-05,1.48065e-05)
(-8.24567e-06,1.59165e-05)
(-0.000163913,2.66715e-06)
(3.35622e-06,-0.0001639)
(-7.02721e-06,-1.00959e-05)
(5.55712e-06,-1.0974e-05)
(7.92366e-06,1.57288e-07)
(3.35622e-06,-0.0001639)
(8.54553e-07,-5.94867e-07)
(-3.1952e-06,-4.68223e-06)
(-6.6666e-06,-9.57786e-06)
(2.60751e-06,-5.03324e-06)
(2.33346e-07,1.1815e-07)
(5.27195e-06,-1.04108e-05)
(-5.62413e-07,-3.32817e-05)
(-0.000154766,-9.56557e-07)
(-0.000115904,1.88596e-06)
(6.64145e-06,-0.000154626)
(5.60287e-06,1.11219e-07)
(2.3732e-06,-0.000115895)
(2.09322e-06,-1.45712e-06)
(-7.8266e-06,-1.14691e-05)
(-4.4444e-06,-6.38524e-06)
(6.38707e-06,-1.23289e-05)
(1.55564e-07,7.87666e-08)
(3.51463e-06,-6.94056e-06)
(1.07105e-06,5.18082e-05)
(0.000221608,1.53181e-06)
(-3.00063e-06,2.14438e-06)
(1.04102e-05,1.49253e-05)
(9.04265e-06,-3.33129e-08)
(-4.74928e-07,-0.00016519)
(2.91551e-07,1.3567e-07)
(5.24379e-06,-1.12668e-05)
(-0.000165158,3.28072e-06)
(-3.29199e-06,-4.7198e-06)
(-6.8542e-06,-9.59243e-06)
(3.74465e-06,-0.000156659)
(-3.35825e-07,-0.000116807)
(6.09276e-06,-1.27106e-05)
(3.31646e-06,-7.12577e-06)
(-5.29574e-06,0.00022155)
(1.04102e-05,1.49253e-05)
(-7.86571e-06,1.64094e-05)
(-0.000165158,3.28072e-06)
(-4.74928e-07,-0.00016519)
(-7.22497e-06,-1.01113e-05)
(5.24379e-06,-1.12668e-05)
(9.04265e-06,-3.33129e-08)
(-4.74928e-07,-0.00016519)
(9.48884e-07,-6.78111e-07)
(-3.29199e-06,-4.7198e-06)
(-6.8542e-06,-9.59243e-06)
(2.48736e-06,-5.1891e-06)
(2.76589e-07,1.28708e-07)
(4.97469e-06,-1.06887e-05)
(-7.57345e-07,-3.66339e-05)
(-0.0001567,-1.08316e-06)
(-0.000116785,2.31982e-06)
(3.74465e-06,-0.000156659)
(6.39412e-06,-2.35558e-08)
(-3.35825e-07,-0.000116807)
(2.32428e-06,-1.66103e-06)
(-8.06369e-06,-1.15611e-05)
(-4.56947e-06,-6.39495e-06)
(6.09276e-06,-1.27106e-05)
(1.84393e-07,8.58052e-08)
(3.31646e-06,-7.12577e-06)
(1.67073e-06,5.97561e-05)
(0.000226137,1.79613e-06)
(-3.51045e-06,2.61541e-06)
(1.09119e-05,1.51351e-05)
(1.10468e-05,-4.47465e-07)
(-6.57174e-06,-0.00016717)
(3.77551e-07,1.52556e-07)
(4.73641e-06,-1.17184e-05)
(-0.00016724,4.47624e-06)
(-3.45064e-06,-4.78612e-06)
(-7.16289e-06,-9.61622e-06)
(-7.33948e-07,-0.000159906)
(-4.64692e-06,-0.000118207)
(5.62371e-06,-1.33138e-05)
(2.99557e-06,-7.41135e-06)
(1.03796e-06,0.000226142)
(1.09119e-05,1.51351e-05)
(-7.26018e-06,1.7188e-05)
(-0.00016724,4.47624e-06)
(-6.57174e-06,-0.00016717)
(-7.55034e-06,-1.01364e-05)
(4.73641e-06,-1.17184e-05)
(1.10468e-05,-4.47465e-07)
(-6.57174e-06,-0.00016717)
(1.1101e-06,-8.27064e-07)
(-3.45064e-06,-4.78612e-06)
(-7.16289e-06,-9.61622e-06)
(2.29587e-06,-5.43534e-06)
(3.58177e-07,1.44727e-07)
(4.49335e-06,-1.1117e-05)
(-1.18138e-06,-4.22539e-05)
(-0.000159903,-1.27006e-06)
(-0.000118256,3.16518e-06)
(-7.33948e-07,-0.000159906)
(7.81126e-06,-3.16405e-07)
(-4.64692e-06,-0.000118207)
(2.71918e-06,-2.02589e-06)
(-8.4523e-06,-1.17236e-05)
(-4.77526e-06,-6.41081e-06)
(5.62371e-06,-1.33138e-05)
(2.38784e-07,9.6485e-08)
(2.99557e-06,-7.41135e-06)
(2.36206e-06,6.67425e-05)
(0.000230066,1.9722e-06)
(-3.96801e-06,3.06101e-06)
(1.13452e-05,1.5331e-05)
(1.29465e-05,-9.16143e-07)
(-1.1667e-05,-0.000168766)
(4.63715e-07,1.65117e-07)
(4.30458e-06,-1.20834e-05)
(-0.000169072,5.70861e-06)
(-3.58766e-06,-4.84809e-06)
(-7.43137e-06,-9.63629e-06)
(-4.34292e-06,-0.000162629)
(-8.24984e-06,-0.000119335)
(5.23283e-06,-1.38155e-05)
(2.72246e-06,-7.64219e-06)
(6.14182e-06,0.000229993)
(1.13452e-05,1.5331e-05)
(-6.75555e-06,1.78358e-05)
(-0.000169072,5.70861e-06)
(-1.1667e-05,-0.000168766)
(-7.83335e-06,-1.01575e-05)
(4.30458e-06,-1.20834e-05)
(1.29465e-05,-9.16143e-07)
(-1.1667e-05,-0.000168766)
(1.2548e-06,-9.67976e-07)
(-3.58766e-06,-4.84809e-06)
(-7.43137e-06,-9.63629e-06)
(2.13629e-06,-5.64017e-06)
(4.39918e-07,1.56644e-07)
(4.08368e-06,-1.14633e-05)
(-1.67023e-06,-4.71941e-05)
(-0.000162681,-1.39455e-06)
(-0.000119552,4.0366e-06)
(-4.34292e-06,-0.000162629)
(9.15456e-06,-6.47811e-07)
(-8.24984e-06,-0.000119335)
(3.07361e-06,-2.37105e-06)
(-8.78792e-06,-1.18753e-05)
(-4.95425e-06,-6.42419e-06)
(5.23283e-06,-1.38155e-05)
(2.93279e-07,1.04429e-07)
(2.72246e-06,-7.64219e-06)
(3.76933e-06,7.74053e-05)
(0.000235995,2.09085e-06)
(-4.68202e-06,3.80104e-06)
(1.20011e-05,1.56533e-05)
(1.61059e-05,-1.83956e-06)
(-1.91037e-05,-0.000171032)
(6.16235e-07,1.7898e-07)
(3.66267e-06,-1.25992e-05)
(-0.000171912,7.94266e-06)
(-3.79509e-06,-4.95e-06)
(-7.84307e-06,-9.66571e-06)
(-9.37489e-06,-0.000166616)
(-1.35084e-05,-0.000120938)
(4.66793e-06,-1.45479e-05)
(2.31648e-06,-7.96844e-06)
(1.32581e-05,0.000235631)
(1.20011e-05,1.56533e-05)
(-6.02627e-06,1.87813e-05)
(-0.000171912,7.94266e-06)
(-1.91037e-05,-0.000171032)
(-8.26732e-06,-1.01886e-05)
(3.66267e-06,-1.25992e-05)
(1.61059e-05,-1.83956e-06)
(-1.91037e-05,-0.000171032)
(1.48058e-06,-1.20199e-06)
(-3.79509e-06,-4.95e-06)
(-7.84307e-06,-9.66571e-06)
(1.90567e-06,-5.93916e-06)
(5.84612e-07,1.69795e-07)
(3.47471e-06,-1.19527e-05)
(-2.66532e-06,-5.47338e-05)
(-0.000166873,-1.47845e-06)
(-0.00012156,5.61631e-06)
(-9.37489e-06,-0.000166616)
(1.13886e-05,-1.30077e-06)
(-1.35084e-05,-0.000120938)
(3.62667e-06,-2.94427e-06)
(-9.29604e-06,-1.2125e-05)
(-5.22871e-06,-6.44381e-06)
(4.66793e-06,-1.45479e-05)
(3.89741e-07,1.13197e-07)
(2.31648e-06,-7.96844e-06)
(3.39292e-07,3.57097e-05)
(0.00021216,9.00085e-07)
(-2.00554e-06,1.30234e-06)
(9.33517e-06,1.45383e-05)
(5.4705e-06,4.54993e-07)
(1.33836e-05,-0.000160319)
(1.52828e-07,9.54958e-08)
(6.35525e-06,-1.01703e-05)
(-0.00016087,1.4791e-06)
(-2.95204e-06,-4.5974e-06)
(-6.19602e-06,-9.54203e-06)
(1.44882e-05,-0.00014932)
(9.46364e-06,-0.000113362)
(7.14983e-06,-1.1313e-05)
(4.01941e-06,-6.43224e-06)
(-2.04893e-05,0.00021117)
(9.33517e-06,1.45383e-05)
(-9.2304e-06,1.4605e-05)
(-0.00016087,1.4791e-06)
(1.33836e-05,-0.000160319)
(-6.53118e-06,-1.00582e-05)
(6.35525e-06,-1.01703e-05)
(5.4705e-06,4.54993e-07)
(1.33836e-05,-0.000160319)
(6.34207e-07,-4.11835e-07)
(-2.95204e-06,-4.5974e-06)
(-6.19602e-06,-9.54203e-06)
(2.91891e-06,-4.61851e-06)
(1.44986e-07,9.05952e-08)
(6.02912e-06,-9.64836e-06)
(-2.39915e-07,-2.52505e-05)
(-0.00015002,-6.36456e-07)
(-0.000113752,1.04588e-06)
(1.44882e-05,-0.00014932)
(3.86822e-06,3.21729e-07)
(9.46364e-06,-0.000113362)
(1.55348e-06,-1.00879e-06)
(-7.23099e-06,-1.12613e-05)
(-4.13068e-06,-6.36135e-06)
(7.14983e-06,-1.1313e-05)
(9.66571e-08,6.03968e-08)
(4.01941e-06,-6.43224e-06)
(1.05381e-06,5.15372e-05)
(0.000221454,1.52177e-06)
(-2.98357e-06,2.12907e-06)
(1.0393e-05,1.49186e-05)
(8.97707e-06,-2.13752e-08)
(-2.61459e-07,-0.000165121)
(2.88846e-07,1.35056e-07)
(5.2614e-06,-1.12508e-05)
(-0.000165089,3.24392e-06)
(-3.28656e-06,-4.71766e-06)
(-6.84368e-06,-9.59168e-06)
(3.90433e-06,-0.000156547)
(-1.84879e-07,-0.000116758)
(6.10922e-06,-1.26895e-05)
(3.3276e-06,-7.11562e-06)
(-5.52156e-06,0.000221391)
(1.0393e-05,1.49186e-05)
(-7.88697e-06,1.63821e-05)
(-0.000165089,3.24392e-06)
(-2.61459e-07,-0.000165121)
(-7.21387e-06,-1.01105e-05)
(5.2614e-06,-1.12508e-05)
(8.97707e-06,-2.13752e-08)
(-2.61459e-07,-0.000165121)
(9.43487e-07,-6.73271e-07)
(-3.28656e-06,-4.71766e-06)
(-6.84368e-06,-9.59168e-06)
(2.49408e-06,-5.18048e-06)
(2.74023e-07,1.28125e-07)
(4.9914e-06,-1.06734e-05)
(-7.45154e-07,-3.64423e-05)
(-0.000156592,-1.07606e-06)
(-0.000116735,2.2938e-06)
(3.90433e-06,-0.000156547)
(6.34775e-06,-1.51146e-08)
(-1.84879e-07,-0.000116758)
(2.31106e-06,-1.64917e-06)
(-8.0504e-06,-1.15559e-05)
(-4.56245e-06,-6.39446e-06)
(6.10922e-06,-1.26895e-05)
(1.82682e-07,8.54166e-08)
(3.3276e-06,-7.11562e-06)
(1.53699e-06,5.81799e-05)
(0.000225247,1.74815e-06)
(-3.40853e-06,2.5191e-06)
(1.08132e-05,1.50921e-05)
(1.06366e-05,-3.55628e-07)
(-5.39156e-06,-0.000166793)
(3.59533e-07,1.49415e-07)
(4.83543e-06,-1.16323e-05)
(-0.000166827,4.22222e-06)
(-3.41942e-06,-4.77256e-06)
(-7.1021e-06,-9.61156e-06)
(1.19603e-07,-0.000159278)
(-3.81241e-06,-0.000117941)
(5.71437e-06,-1.31971e-05)
(3.05819e-06,-7.35689e-06)
(-1.69144e-07,0.000225253)
(1.08132e-05,1.50921e-05)
(-7.37722e-06,1.70374e-05)
(-0.000166827,4.22222e-06)
(-5.39156e-06,-0.000166793)
(-7.48627e-06,-1.01315e-05)
(4.83543e-06,-1.16323e-05)
(1.06366e-05,-3.55628e-07)
(-5.39156e-06,-0.000166793)
(1.07787e-06,-7.96609e-07)
(-3.41942e-06,-4.77256e-06)
(-7.1021e-06,-9.61156e-06)
(2.33288e-06,-5.38771e-06)
(3.41083e-07,1.41747e-07)
(4.58729e-06,-1.10353e-05)
(-1.08682e-06,-4.11394e-05)
(-0.000159273,-1.23613e-06)
(-0.000117964,2.98556e-06)
(1.19603e-07,-0.000159278)
(7.52123e-06,-2.51467e-07)
(-3.81241e-06,-0.000117941)
(2.64024e-06,-1.95129e-06)
(-8.37583e-06,-1.16903e-05)
(-4.73473e-06,-6.40771e-06)
(5.71437e-06,-1.31971e-05)
(2.27389e-07,9.44983e-08)
(3.05819e-06,-7.35689e-06)
(2.6095e-06,6.8893e-05)
(0.000231268,2.0126e-06)
(-4.1102e-06,3.20402e-06)
(1.14777e-05,1.53937e-05)
(1.35566e-05,-1.08123e-06)
(-1.31954e-05,-0.000169241)
(4.92333e-07,1.6847e-07)
(4.17389e-06,-1.21912e-05)
(-0.000169644,6.12383e-06)
(-3.62958e-06,-4.86793e-06)
(-7.51414e-06,-9.64259e-06)
(-5.40002e-06,-0.000163448)
(-9.33057e-06,-0.000119672)
(5.1161e-06,-1.3966e-05)
(2.6398e-06,-7.71038e-06)
(7.63678e-06,0.00023115)
(1.14777e-05,1.53937e-05)
(-6.60486e-06,1.803e-05)
(-0.000169644,6.12383e-06)
(-1.31954e-05,-0.000169241)
(-7.9206e-06,-1.01642e-05)
(4.17389e-06,-1.21912e-05)
(1.35566e-05,-1.08123e-06)
(-1.31954e-05,-0.000169241)
(1.29976e-06,-1.0132e-06)
(-3.62958e-06,-4.86793e-06)
(-7.51414e-06,-9.64259e-06)
(2.08864e-06,-5.70159e-06)
(4.67068e-07,1.59825e-07)
(3.9597e-06,-1.15656e-05)
(-1.84519e-06,-4.87147e-05)
(-0.000163531,-1.42313e-06)
(-0.000119957,4.3302e-06)
(-5.40002e-06,-0.000163448)
(9.58597e-06,-7.64542e-07)
(-9.33057e-06,-0.000119672)
(3.18374e-06,-2.48182e-06)
(-8.89062e-06,-1.19239e-05)
(-5.00943e-06,-6.42839e-06)
(5.1161e-06,-1.3966e-05)
(3.11379e-07,1.0655e-07)
(2.6398e-06,-7.71038e-06)
(7.85428e-11,2.25643e-06)
(0.000186674,5.2721e-09)
(-1.157e-07,4.68361e-08)
(5.57406e-06,1.37704e-05)
(1.94308e-07,1.07565e-07)
(7.18333e-05,-0.000129761)
(1.88923e-09,4.78087e-09)
(9.97182e-06,-3.9405e-06)
(-0.000148317,5.08081e-09)
(-1.76267e-06,-4.35458e-06)
(-3.81679e-06,-9.4287e-06)
(6.39371e-05,-0.00011548)
(5.07938e-05,-9.17546e-05)
(1.0702e-05,-4.22884e-06)
(6.30673e-06,-2.49219e-06)
(-9.04207e-05,0.000163313)
(5.57406e-06,1.37704e-05)
(-1.38163e-05,5.45941e-06)
(-0.000148317,5.08081e-09)
(7.18333e-05,-0.000129761)
(-4.02325e-06,-9.93872e-06)
(9.97182e-06,-3.9405e-06)
(1.94308e-07,1.07565e-07)
(7.18333e-05,-0.000129761)
(3.65876e-08,-1.48109e-08)
(-1.76267e-06,-4.35458e-06)
(-3.81679e-06,-9.4287e-06)
(4.36909e-06,-1.72642e-06)
(1.79228e-09,4.53553e-09)
(9.4601e-06,-3.73829e-06)
(-5.55381e-11,-1.59554e-06)
(-0.000131998,-3.72794e-09)
(-0.000104876,3.59267e-09)
(6.39371e-05,-0.00011548)
(1.37396e-07,7.60603e-08)
(5.07938e-05,-9.17546e-05)
(8.9621e-08,-3.6279e-08)
(-4.31765e-06,-1.06665e-05)
(-2.54453e-06,-6.2858e-06)
(1.0702e-05,-4.22884e-06)
(1.19485e-09,3.02369e-09)
(6.30673e-06,-2.49219e-06)
(1.86442e-10,3.00607e-06)
(0.000187799,9.23356e-09)
(-1.54806e-07,6.5132e-08)
(5.80415e-06,1.37965e-05)
(2.70375e-07,1.38378e-07)
(6.78593e-05,-0.000132589)
(2.98932e-09,6.55724e-09)
(9.81406e-06,-4.47404e-06)
(-0.000148945,9.08487e-09)
(-1.83543e-06,-4.36284e-06)
(-3.96814e-06,-9.43151e-06)
(6.05137e-05,-0.000118204)
(4.79838e-05,-9.37545e-05)
(1.05496e-05,-4.80896e-06)
(6.20696e-06,-2.82963e-06)
(-8.55793e-05,0.000167166)
(5.80415e-06,1.37965e-05)
(-1.36194e-05,6.20833e-06)
(-0.000148945,9.08487e-09)
(6.78593e-05,-0.000132589)
(-4.18279e-06,-9.94169e-06)
(9.81406e-06,-4.47404e-06)
(2.70375e-07,1.38378e-07)
(6.78593e-05,-0.000132589)
(4.8954e-08,-2.05965e-08)
(-1.83543e-06,-4.36284e-06)
(-3.96814e-06,-9.43151e-06)
(4.30684e-06,-1.96325e-06)
(2.83592e-09,6.22075e-09)
(9.31044e-06,-4.24445e-06)
(-1.31835e-10,-2.12562e-06)
(-0.000132794,-6.52911e-09)
(-0.00010532,6.42397e-09)
(6.05137e-05,-0.000118204)
(1.91184e-07,9.78482e-08)
(4.79838e-05,-9.37545e-05)
(1.19912e-07,-5.0451e-08)
(-4.49588e-06,-1.06867e-05)
(-2.64543e-06,-6.28767e-06)
(1.05496e-05,-4.80896e-06)
(1.89061e-09,4.14717e-09)
(6.20696e-06,-2.82963e-06)
(3.35508e-10,3.65289e-06)
(0.000188657,1.3495e-08)
(-1.88726e-07,8.15894e-08)
(5.97258e-06,1.3817e-05)
(3.38848e-07,1.63615e-07)
(6.49705e-05,-0.000134554)
(4.06853e-09,8.12756e-09)
(9.68769e-06,-4.8495e-06)
(-0.000149419,1.3489e-08)
(-1.8887e-06,-4.3693e-06)
(-4.07844e-06,-9.4339e-06)
(5.80249e-05,-0.00012012)
(4.59411e-05,-9.51441e-05)
(1.04265e-05,-5.21876e-06)
(6.12704e-06,-3.06709e-06)
(-8.20596e-05,0.000169876)
(5.97258e-06,1.3817e-05)
(-1.34606e-05,6.73739e-06)
(-0.000149419,1.3489e-08)
(6.49705e-05,-0.000134554)
(-4.29905e-06,-9.9442e-06)
(9.68769e-06,-4.8495e-06)
(3.38848e-07,1.63615e-07)
(6.49705e-05,-0.000134554)
(5.96803e-08,-2.58008e-08)
(-1.8887e-06,-4.3693e-06)
(-4.07844e-06,-9.4339e-06)
(4.25661e-06,-2.13055e-06)
(3.85974e-09,7.71048e-09)
(9.19055e-06,-4.60064e-06)
(-2.3724e-10,-2.58298e-06)
(-0.000133401,-9.54237e-09)
(-0.000105655,9.53819e-09)
(5.80249e-05,-0.00012012)
(2.39602e-07,1.15693e-07)
(4.59411e-05,-9.51441e-05)
(1.46186e-07,-6.31989e-08)
(-4.62634e-06,-1.07026e-05)
(-2.71896e-06,-6.28927e-06)
(1.04265e-05,-5.21876e-06)
(2.57316e-09,5.14032e-09)
(6.12704e-06,-3.06709e-06)
(5.40466e-10,4.27845e-06)
(0.000189418,1.83422e-08)
(-2.21684e-07,9.80329e-08)
(6.11704e-06,1.38349e-05)
(4.07303e-07,1.86953e-07)
(6.25034e-05,-0.000136172)
(5.21663e-09,9.6739e-09)
(9.57242e-06,-5.16191e-06)
(-0.000149831,1.85943e-08)
(-1.93438e-06,-4.37499e-06)
(-4.17275e-06,-9.43594e-06)
(5.59005e-05,-0.000121716)
(4.41966e-05,-9.62879e-05)
(1.03137e-05,-5.5608e-06)
(6.05413e-06,-3.26468e-06)
(-7.90553e-05,0.000172132)
(6.11704e-06,1.38349e-05)
(-1.33149e-05,7.17896e-06)
(-0.000149831,1.85943e-08)
(6.25034e-05,-0.000136172)
(-4.39847e-06,-9.94635e-06)
(9.57242e-06,-5.16191e-06)
(4.07303e-07,1.86953e-07)
(6.25034e-05,-0.000136172)
(7.01027e-08,-3.10007e-08)
(-1.93438e-06,-4.37499e-06)
(-4.17275e-06,-9.43594e-06)
(4.21053e-06,-2.27019e-06)
(4.94893e-09,9.17746e-09)
(9.08119e-06,-4.89701e-06)
(-3.82167e-10,-3.02532e-06)
(-0.000133939,-1.29699e-08)
(-0.000105947,1.31482e-08)
(5.59005e-05,-0.000121716)
(2.88007e-07,1.32196e-07)
(4.41966e-05,-9.62879e-05)
(1.71716e-07,-7.5936e-08)
(-4.73824e-06,-1.07165e-05)
(-2.78183e-06,-6.29063e-06)
(1.03137e-05,-5.5608e-06)
(3.29929e-09,6.11831e-09)
(6.05413e-06,-3.26468e-06)
(7.77437e-10,4.82629e-06)
(0.000190044,2.31611e-08)
(-2.50655e-07,1.12818e-07)
(6.23303e-06,1.38513e-05)
(4.68891e-07,2.06582e-07)
(6.05479e-05,-0.000137428)
(6.30072e-09,1.10471e-08)
(9.47711e-06,-5.40529e-06)
(-0.000150175,2.3756e-08)
(-1.97106e-06,-4.38015e-06)
(-4.24814e-06,-9.43837e-06)
(5.42148e-05,-0.00012296)
(4.28138e-05,-9.71764e-05)
(1.02204e-05,-5.82817e-06)
(5.99385e-06,-3.4186e-06)
(-7.66713e-05,0.000173892)
(6.23303e-06,1.38513e-05)
(-1.31945e-05,7.52413e-06)
(-0.000150175,2.3756e-08)
(6.05479e-05,-0.000137428)
(-4.47794e-06,-9.94891e-06)
(9.47711e-06,-5.40529e-06)
(4.68891e-07,2.06582e-07)
(6.05479e-05,-0.000137428)
(7.92641e-08,-3.56762e-08)
(-1.97106e-06,-4.38015e-06)
(-4.24814e-06,-9.43837e-06)
(4.17247e-06,-2.37934e-06)
(5.97739e-09,1.04802e-08)
(8.99078e-06,-5.1279e-06)
(-5.49731e-10,-3.41271e-06)
(-0.000134382,-1.63774e-08)
(-0.00010619,1.6798e-08)
(5.42148e-05,-0.00012296)
(3.31556e-07,1.46075e-07)
(4.28138e-05,-9.71764e-05)
(1.94157e-07,-8.73886e-08)
(-4.82809e-06,-1.07291e-05)
(-2.8321e-06,-6.29224e-06)
(1.02204e-05,-5.82817e-06)
(3.98493e-09,6.98679e-09)
(5.99385e-06,-3.4186e-06)
(1.13536e-08,1.17152e-05)
(0.000196276,1.25787e-07)
(-6.22578e-07,3.23009e-07)
(7.26383e-06,1.40174e-05)
(1.3468e-06,3.99832e-07)
(4.36622e-05,-0.000147061)
(2.51984e-08,2.9257e-08)
(8.51454e-06,-7.33337e-06)
(-0.000153406,1.45414e-07)
(-2.29702e-06,-4.43269e-06)
(-4.90953e-06,-9.4628e-06)
(3.9713e-05,-0.000132985)
(3.08738e-05,-0.000103988)
(9.26998e-06,-7.97609e-06)
(5.38507e-06,-4.63803e-06)
(-5.61627e-05,0.000188069)
(7.26383e-06,1.40174e-05)
(-1.19675e-05,1.02971e-05)
(-0.000153406,1.45414e-07)
(4.36622e-05,-0.000147061)
(-5.1751e-06,-9.97467e-06)
(8.51454e-06,-7.33337e-06)
(1.3468e-06,3.99832e-07)
(4.36622e-05,-0.000147061)
(1.96877e-07,-1.02145e-07)
(-2.29702e-06,-4.43269e-06)
(-4.90953e-06,-9.4628e-06)
(3.78445e-06,-3.25622e-06)
(2.39053e-08,2.77556e-08)
(8.0776e-06,-6.95705e-06)
(-8.02819e-09,-8.2839e-06)
(-0.000138788,-8.89446e-08)
(-0.000108474,1.02823e-07)
(3.9713e-05,-0.000132985)
(9.52333e-07,2.82724e-07)
(3.08738e-05,-0.000103988)
(4.82247e-07,-2.50202e-07)
(-5.62654e-06,-1.08578e-05)
(-3.27302e-06,-6.30854e-06)
(9.26998e-06,-7.97609e-06)
(1.59369e-08,1.85037e-08)
(5.38507e-06,-4.63803e-06)
(1.47386e-08,1.27682e-05)
(0.00019709,1.47729e-07)
(-6.80552e-07,3.58478e-07)
(7.38529e-06,1.40406e-05)
(1.49527e-06,4.21644e-07)
(4.17482e-05,-0.000148036)
(2.88522e-08,3.21373e-08)
(8.39225e-06,-7.53437e-06)
(-0.00015381,1.73565e-07)
(-2.33543e-06,-4.44003e-06)
(-4.98638e-06,-9.46642e-06)
(3.80789e-05,-0.000134061)
(2.95204e-05,-0.000104677)
(9.14894e-06,-8.20401e-06)
(5.30773e-06,-4.76516e-06)
(-5.38516e-05,0.00018959)
(7.38529e-06,1.40406e-05)
(-1.18112e-05,1.05913e-05)
(-0.00015381,1.73565e-07)
(4.17482e-05,-0.000148036)
(-5.25611e-06,-9.97848e-06)
(8.39225e-06,-7.53437e-06)
(1.49527e-06,4.21644e-07)
(4.17482e-05,-0.000148036)
(2.1521e-07,-1.13361e-07)
(-2.33543e-06,-4.44003e-06)
(-4.98638e-06,-9.46642e-06)
(3.73504e-06,-3.34927e-06)
(2.73716e-08,3.04881e-08)
(7.96159e-06,-7.14773e-06)
(-1.04217e-08,-9.02849e-06)
(-0.000139364,-1.0446e-07)
(-0.00010876,1.22729e-07)
(3.80789e-05,-0.000134061)
(1.05731e-06,2.98148e-07)
(2.95204e-05,-0.000104677)
(5.27154e-07,-2.77676e-07)
(-5.72062e-06,-1.08758e-05)
(-3.32425e-06,-6.31094e-06)
(9.14894e-06,-8.20401e-06)
(1.82478e-08,2.03254e-08)
(5.30773e-06,-4.76516e-06)
(2.06036e-08,1.42589e-05)
(0.000198206,1.81338e-07)
(-7.63054e-07,4.09999e-07)
(7.54821e-06,1.40731e-05)
(1.71115e-06,4.49311e-07)
(3.92074e-05,-0.000149297)
(3.43446e-08,3.624e-08)
(8.22643e-06,-7.79615e-06)
(-0.000154359,2.17884e-07)
(-2.38695e-06,-4.45029e-06)
(-5.08914e-06,-9.4715e-06)
(3.59144e-05,-0.000135473)
(2.77238e-05,-0.000105569)
(8.98482e-06,-8.50229e-06)
(5.20285e-06,-4.93072e-06)
(-5.07906e-05,0.000191588)
(7.54821e-06,1.40731e-05)
(-1.15994e-05,1.09764e-05)
(-0.000154359,2.17884e-07)
(3.92074e-05,-0.000149297)
(-5.36442e-06,-9.98384e-06)
(8.22643e-06,-7.79615e-06)
(1.71115e-06,4.49311e-07)
(3.92074e-05,-0.000149297)
(2.41299e-07,-1.29653e-07)
(-2.38695e-06,-4.45029e-06)
(-5.08914e-06,-9.4715e-06)
(3.66804e-06,-3.47104e-06)
(3.25822e-08,3.43803e-08)
(7.80428e-06,-7.39608e-06)
(-1.4569e-08,-1.00826e-05)
(-0.000140153,-1.28225e-07)
(-0.000109148,1.54067e-07)
(3.59144e-05,-0.000135473)
(1.20997e-06,3.17711e-07)
(2.77238e-05,-0.000105569)
(5.91059e-07,-3.17584e-07)
(-5.84682e-06,-1.09009e-05)
(-3.39276e-06,-6.31433e-06)
(8.98482e-06,-8.50229e-06)
(2.17214e-08,2.29202e-08)
(5.20285e-06,-4.93072e-06)
(2.65736e-08,1.55054e-05)
(0.000199112,2.11629e-07)
(-8.32446e-07,4.5423e-07)
(7.67762e-06,1.40999e-05)
(1.89661e-06,4.69607e-07)
(3.72122e-05,-0.000150263)
(3.92199e-08,3.96889e-08)
(8.09352e-06,-7.99785e-06)
(-0.000154802,2.59014e-07)
(-2.42788e-06,-4.45879e-06)
(-5.17049e-06,-9.47575e-06)
(3.42186e-05,-0.000136572)
(2.6313e-05,-0.000106252)
(8.85334e-06,-8.73332e-06)
(5.11879e-06,-5.05829e-06)
(-4.83924e-05,0.000193142)
(7.67762e-06,1.40999e-05)
(-1.14296e-05,1.12747e-05)
(-0.000154802,2.59014e-07)
(3.72122e-05,-0.000150263)
(-5.45017e-06,-9.98831e-06)
(8.09352e-06,-7.99785e-06)
(1.89661e-06,4.69607e-07)
(3.72122e-05,-0.000150263)
(2.63243e-07,-1.4364e-07)
(-2.42788e-06,-4.45879e-06)
(-5.17049e-06,-9.47575e-06)
(3.61436e-06,-3.56536e-06)
(3.72073e-08,3.76522e-08)
(7.67819e-06,-7.58743e-06)
(-1.87904e-08,-1.0964e-05)
(-0.000140794,-1.49644e-07)
(-0.000109461,1.83151e-07)
(3.42186e-05,-0.000136572)
(1.3411e-06,3.32062e-07)
(2.6313e-05,-0.000106252)
(6.4481e-07,-3.51845e-07)
(-5.94706e-06,-1.09218e-05)
(-3.44699e-06,-6.31716e-06)
(8.85334e-06,-8.73332e-06)
(2.48048e-08,2.51015e-08)
(5.11879e-06,-5.05829e-06)
(3.13224e-08,1.63676e-05)
(0.000199729,2.33687e-07)
(-8.80662e-07,4.85425e-07)
(7.764e-06,1.41184e-05)
(2.02745e-06,4.82157e-07)
(3.58912e-05,-0.00015089)
(4.27408e-08,4.20821e-08)
(8.00429e-06,-8.12953e-06)
(-0.0001551,2.89659e-07)
(-2.45519e-06,-4.46464e-06)
(-5.22466e-06,-9.47867e-06)
(3.30988e-05,-0.000137297)
(2.53789e-05,-0.000106695)
(8.76511e-06,-8.88475e-06)
(5.06236e-06,-5.14157e-06)
(-4.68088e-05,0.000194167)
(7.764e-06,1.41184e-05)
(-1.13157e-05,1.14702e-05)
(-0.0001551,2.89659e-07)
(3.58912e-05,-0.00015089)
(-5.50727e-06,-9.99139e-06)
(8.00429e-06,-8.12953e-06)
(2.02745e-06,4.82157e-07)
(3.58912e-05,-0.00015089)
(2.7849e-07,-1.53505e-07)
(-2.45519e-06,-4.46464e-06)
(-5.22466e-06,-9.47867e-06)
(3.57834e-06,-3.62718e-06)
(4.05475e-08,3.99226e-08)
(7.59354e-06,-7.71235e-06)
(-2.21483e-08,-1.15736e-05)
(-0.00014123,-1.65242e-07)
(-0.000109672,2.0482e-07)
(3.30988e-05,-0.000137297)
(1.43362e-06,3.40937e-07)
(2.53789e-05,-0.000106695)
(6.82158e-07,-3.76009e-07)
(-6.01397e-06,-1.09361e-05)
(-3.4831e-06,-6.31911e-06)
(8.76511e-06,-8.88475e-06)
(2.70316e-08,2.66151e-08)
(5.06236e-06,-5.14157e-06)
(3.51251e-08,1.69962e-05)
(0.000200173,2.50322e-07)
(-9.15899e-07,5.08458e-07)
(7.82561e-06,1.4132e-05)
(2.1241e-06,4.90531e-07)
(3.49556e-05,-0.00015133)
(4.53837e-08,4.38299e-08)
(7.94055e-06,-8.22199e-06)
(-0.000155314,3.13153e-07)
(-2.47467e-06,-4.46893e-06)
(-5.26323e-06,-9.48085e-06)
(3.23067e-05,-0.000137808)
(2.47173e-05,-0.000107006)
(8.70213e-06,-8.99138e-06)
(5.02205e-06,-5.20004e-06)
(-4.56886e-05,0.00019489)
(7.82561e-06,1.4132e-05)
(-1.12344e-05,1.16078e-05)
(-0.000155314,3.13153e-07)
(3.49556e-05,-0.00015133)
(-5.54793e-06,-9.9937e-06)
(7.94055e-06,-8.22199e-06)
(2.1241e-06,4.90531e-07)
(3.49556e-05,-0.00015133)
(2.89633e-07,-1.60789e-07)
(-2.47467e-06,-4.46893e-06)
(-5.26323e-06,-9.48085e-06)
(3.55263e-06,-3.67072e-06)
(4.30547e-08,4.15807e-08)
(7.53307e-06,-7.80007e-06)
(-2.48372e-08,-1.20181e-05)
(-0.000141544,-1.77005e-07)
(-0.000109824,2.21433e-07)
(3.23067e-05,-0.000137808)
(1.50197e-06,3.46858e-07)
(2.47173e-05,-0.000107006)
(7.09452e-07,-3.9385e-07)
(-6.06169e-06,-1.09466e-05)
(-3.50882e-06,-6.32057e-06)
(8.70213e-06,-8.99138e-06)
(2.87032e-08,2.77205e-08)
(5.02205e-06,-5.20004e-06)
(4.22513e-08,1.80607e-05)
(0.000200916,2.79523e-07)
(-9.75867e-07,5.48081e-07)
(7.92715e-06,1.41546e-05)
(2.29045e-06,5.03329e-07)
(3.342e-05,-0.000152039)
(5.00055e-08,4.67966e-08)
(7.83481e-06,-8.37198e-06)
(-0.000155668,3.55118e-07)
(-2.50678e-06,-4.47607e-06)
(-5.32671e-06,-9.48436e-06)
(3.10097e-05,-0.000138643)
(2.36315e-05,-0.000107508)
(8.59765e-06,-9.1649e-06)
(4.95517e-06,-5.29491e-06)
(-4.38544e-05,0.000196071)
(7.92715e-06,1.41546e-05)
(-1.10995e-05,1.18318e-05)
(-0.000155668,3.55118e-07)
(3.342e-05,-0.000152039)
(-5.61484e-06,-9.99739e-06)
(7.83481e-06,-8.37198e-06)
(2.29045e-06,5.03329e-07)
(3.342e-05,-0.000152039)
(3.08596e-07,-1.73318e-07)
(-2.50678e-06,-4.47607e-06)
(-5.32671e-06,-9.48436e-06)
(3.50998e-06,-3.74155e-06)
(4.74393e-08,4.43952e-08)
(7.43275e-06,-7.94236e-06)
(-2.98762e-08,-1.27709e-05)
(-0.000142069,-1.97652e-07)
(-0.000110074,2.51106e-07)
(3.10097e-05,-0.000138643)
(1.61959e-06,3.55908e-07)
(2.36315e-05,-0.000107508)
(7.55903e-07,-4.24542e-07)
(-6.14034e-06,-1.09641e-05)
(-3.55114e-06,-6.32291e-06)
(8.59765e-06,-9.1649e-06)
(3.16262e-08,2.95968e-08)
(4.95517e-06,-5.29491e-06)
(5.9611e-08,2.02232e-05)
(0.000202387,3.42607e-07)
(-1.09838e-06,6.30688e-07)
(8.12493e-06,1.42006e-05)
(2.63752e-06,5.23722e-07)
(3.04666e-05,-0.000153372)
(5.9949e-08,5.28333e-08)
(7.62807e-06,-8.65534e-06)
(-0.000156368,4.49024e-07)
(-2.56933e-06,-4.49061e-06)
(-5.44997e-06,-9.49157e-06)
(2.85236e-05,-0.000140238)
(2.15431e-05,-0.00010845)
(8.39366e-06,-9.49468e-06)
(4.82441e-06,-5.47412e-06)
(-4.03384e-05,0.000198326)
(8.12493e-06,1.42006e-05)
(-1.08362e-05,1.22576e-05)
(-0.000156368,4.49024e-07)
(3.04666e-05,-0.000153372)
(-5.74477e-06,-1.0005e-05)
(7.62807e-06,-8.65534e-06)
(2.63752e-06,5.23722e-07)
(3.04666e-05,-0.000153372)
(3.4734e-07,-1.99441e-07)
(-2.56933e-06,-4.49061e-06)
(-5.44997e-06,-9.49157e-06)
(3.4267e-06,-3.87619e-06)
(5.68726e-08,5.01221e-08)
(7.23662e-06,-8.21118e-06)
(-4.21513e-08,-1.43e-05)
(-0.000143109,-2.4226e-07)
(-0.000110569,3.17508e-07)
(2.85236e-05,-0.000140238)
(1.86501e-06,3.70328e-07)
(2.15431e-05,-0.00010845)
(8.50805e-07,-4.88529e-07)
(-6.29355e-06,-1.09997e-05)
(-3.63331e-06,-6.32771e-06)
(8.39366e-06,-9.49468e-06)
(3.7915e-08,3.34147e-08)
(4.82441e-06,-5.47412e-06)
(7.54872e-08,2.18525e-05)
(0.000203473,3.93217e-07)
(-1.19139e-06,6.94811e-07)
(8.26746e-06,1.42353e-05)
(2.90716e-06,5.34215e-07)
(2.83673e-05,-0.000154293)
(6.79314e-08,5.73862e-08)
(7.4785e-06,-8.85264e-06)
(-0.000156878,5.27554e-07)
(-2.6144e-06,-4.50159e-06)
(-5.5385e-06,-9.49698e-06)
(2.67652e-05,-0.000141366)
(2.00587e-05,-0.000109102)
(8.24634e-06,-9.72596e-06)
(4.72982e-06,-5.5989e-06)
(-3.78517e-05,0.000199922)
(8.26746e-06,1.42353e-05)
(-1.0646e-05,1.25562e-05)
(-0.000156878,5.27554e-07)
(2.83673e-05,-0.000154293)
(-5.83809e-06,-1.00107e-05)
(7.4785e-06,-8.85264e-06)
(2.90716e-06,5.34215e-07)
(2.83673e-05,-0.000154293)
(3.76751e-07,-2.19718e-07)
(-2.6144e-06,-4.50159e-06)
(-5.5385e-06,-9.49698e-06)
(3.36655e-06,-3.97061e-06)
(6.44454e-08,5.44413e-08)
(7.09473e-06,-8.39835e-06)
(-5.33775e-08,-1.54521e-05)
(-0.000143877,-2.78046e-07)
(-0.00011093,3.73037e-07)
(2.67652e-05,-0.000141366)
(2.05567e-06,3.77747e-07)
(2.00587e-05,-0.000109102)
(9.22848e-07,-5.38198e-07)
(-6.40394e-06,-1.10266e-05)
(-3.69233e-06,-6.33132e-06)
(8.24634e-06,-9.72596e-06)
(4.29636e-08,3.62942e-08)
(4.72982e-06,-5.5989e-06)
(1.06977e-07,2.44984e-05)
(0.000205197,4.80492e-07)
(-1.34364e-06,8.02274e-07)
(8.4888e-06,1.42915e-05)
(3.35975e-06,5.42442e-07)
(2.51516e-05,-0.000155663)
(8.17825e-08,6.47692e-08)
(7.24531e-06,-9.14833e-06)
(-0.000157681,6.69516e-07)
(-2.68439e-06,-4.51938e-06)
(-5.67557e-06,-9.50556e-06)
(2.40872e-05,-0.000143083)
(1.77849e-05,-0.000110071)
(8.01707e-06,-1.00753e-05)
(4.58233e-06,-5.78591e-06)
(-3.40644e-05,0.00020235)
(8.4888e-06,1.42915e-05)
(-1.035e-05,1.30071e-05)
(-0.000157681,6.69516e-07)
(2.51516e-05,-0.000155663)
(-5.98258e-06,-1.00197e-05)
(7.24531e-06,-9.14833e-06)
(3.35975e-06,5.42442e-07)
(2.51516e-05,-0.000155663)
(4.24897e-07,-2.53701e-07)
(-2.68439e-06,-4.51938e-06)
(-5.67557e-06,-9.50556e-06)
(3.27296e-06,-4.11321e-06)
(7.75857e-08,6.14455e-08)
(6.8735e-06,-8.67887e-06)
(-7.56443e-08,-1.7323e-05)
(-0.000145096,-3.39759e-07)
(-0.000111497,4.73419e-07)
(2.40872e-05,-0.000143083)
(2.3757e-06,3.83565e-07)
(1.77849e-05,-0.000110071)
(1.04078e-06,-6.21438e-07)
(-6.57539e-06,-1.10702e-05)
(-3.78372e-06,-6.33704e-06)
(8.01707e-06,-1.00753e-05)
(5.17238e-08,4.09637e-08)
(4.58233e-06,-5.78591e-06)
(1.42603e-07,2.69154e-05)
(0.000206738,5.65042e-07)
(-1.48404e-06,9.03997e-07)
(8.68214e-06,1.43434e-05)
(3.78812e-06,5.40318e-07)
(2.239e-05,-0.000156804)
(9.54001e-08,7.1489e-08)
(7.04139e-06,-9.39634e-06)
(-0.000158392,8.1515e-07)
(-2.74553e-06,-4.53578e-06)
(-5.79491e-06,-9.51337e-06)
(2.1804e-05,-0.000144551)
(1.58321e-05,-0.000110877)
(7.8172e-06,-1.03711e-05)
(4.45336e-06,-5.94277e-06)
(-3.08355e-05,0.000204426)
(8.68214e-06,1.43434e-05)
(-1.0092e-05,1.3389e-05)
(-0.000158392,8.1515e-07)
(2.239e-05,-0.000156804)
(-6.10837e-06,-1.0028e-05)
(7.04139e-06,-9.39634e-06)
(3.78812e-06,5.40318e-07)
(2.239e-05,-0.000156804)
(4.69294e-07,-2.85869e-07)
(-2.74553e-06,-4.53578e-06)
(-5.79491e-06,-9.51337e-06)
(3.19136e-06,-4.23397e-06)
(9.05045e-08,6.78205e-08)
(6.68005e-06,-8.91416e-06)
(-1.00835e-07,-1.90321e-05)
(-0.000146186,-3.99545e-07)
(-0.000112,5.76398e-07)
(2.1804e-05,-0.000144551)
(2.6786e-06,3.82063e-07)
(1.58321e-05,-0.000110877)
(1.14953e-06,-7.00233e-07)
(-6.72516e-06,-1.11103e-05)
(-3.86327e-06,-6.34225e-06)
(7.8172e-06,-1.03711e-05)
(6.03363e-08,4.52136e-08)
(4.45336e-06,-5.94277e-06)
(1.70329e-07,2.85241e-05)
(0.000207752,6.23468e-07)
(-1.57829e-06,9.73641e-07)
(8.80718e-06,1.43785e-05)
(4.08183e-06,5.33869e-07)
(2.063e-05,-0.000157517)
(1.04983e-07,7.59436e-08)
(6.90986e-06,-9.55188e-06)
(-0.00015886,9.20799e-07)
(-2.78508e-06,-4.54689e-06)
(-5.87193e-06,-9.51875e-06)
(2.03576e-05,-0.000145486)
(1.45876e-05,-0.000111382)
(7.68863e-06,-1.05579e-05)
(4.37018e-06,-6.04114e-06)
(-2.879e-05,0.000205748)
(8.80718e-06,1.43785e-05)
(-9.92598e-06,1.36302e-05)
(-0.00015886,9.20799e-07)
(2.063e-05,-0.000157517)
(-6.18956e-06,-1.00336e-05)
(6.90986e-06,-9.55188e-06)
(4.08183e-06,5.33869e-07)
(2.063e-05,-0.000157517)
(4.99099e-07,-3.07892e-07)
(-2.78508e-06,-4.54689e-06)
(-5.87193e-06,-9.51875e-06)
(3.13887e-06,-4.31026e-06)
(9.95961e-08,7.20464e-08)
(6.55527e-06,-9.06171e-06)
(-1.2044e-07,-2.01696e-05)
(-0.000146903,-4.40858e-07)
(-0.000112331,6.51103e-07)
(2.03576e-05,-0.000145486)
(2.88629e-06,3.77503e-07)
(1.45876e-05,-0.000111382)
(1.22254e-06,-7.54179e-07)
(-6.82202e-06,-1.11376e-05)
(-3.91462e-06,-6.34583e-06)
(7.68863e-06,-1.05579e-05)
(6.63974e-08,4.8031e-08)
(4.37018e-06,-6.04114e-06)
(2.00846e-07,3.01008e-05)
(0.000208735,6.82202e-07)
(-1.67107e-06,1.04325e-06)
(8.9271e-06,1.44133e-05)
(4.37556e-06,5.23555e-07)
(1.89594e-05,-0.000158184)
(1.14774e-07,8.02865e-08)
(6.78389e-06,-9.69764e-06)
(-0.000159312,1.03114e-06)
(-2.823e-06,-4.55788e-06)
(-5.94569e-06,-9.52405e-06)
(1.89916e-05,-0.000146371)
(1.34063e-05,-0.000111853)
(7.56575e-06,-1.07341e-05)
(4.29051e-06,-6.13332e-06)
(-2.68582e-05,0.000207001)
(8.9271e-06,1.44133e-05)
(-9.76734e-06,1.38577e-05)
(-0.000159312,1.03114e-06)
(1.89594e-05,-0.000158184)
(-6.2673e-06,-1.00392e-05)
(6.78389e-06,-9.69764e-06)
(4.37556e-06,5.23555e-07)
(1.89594e-05,-0.000158184)
(5.28439e-07,-3.29904e-07)
(-2.823e-06,-4.55788e-06)
(-5.94569e-06,-9.52405e-06)
(3.08871e-06,-4.38218e-06)
(1.08884e-07,7.61664e-08)
(6.43576e-06,-9.19999e-06)
(-1.4202e-07,-2.12845e-05)
(-0.000147598,-4.8239e-07)
(-0.000112651,7.29126e-07)
(1.89916e-05,-0.000146371)
(3.09399e-06,3.70209e-07)
(1.34063e-05,-0.000111853)
(1.2944e-06,-8.08096e-07)
(-6.9149e-06,-1.11645e-05)
(-3.96379e-06,-6.34937e-06)
(7.56575e-06,-1.07341e-05)
(7.25892e-08,5.07776e-08)
(4.29051e-06,-6.13332e-06)
(2.47662e-07,3.22336e-05)
(0.000210041,7.63868e-07)
(-1.79718e-06,1.13945e-06)
(9.08483e-06,1.44601e-05)
(4.78181e-06,5.0346e-07)
(1.6782e-05,-0.000159031)
(1.28612e-07,8.61054e-08)
(6.61787e-06,-9.88453e-06)
(-0.00015991,1.19073e-06)
(-2.87288e-06,-4.5727e-06)
(-6.04256e-06,-9.53087e-06)
(1.72225e-05,-0.000147521)
(1.18666e-05,-0.000112452)
(7.40421e-06,-1.09616e-05)
(4.18551e-06,-6.25152e-06)
(-2.43562e-05,0.000208626)
(9.08483e-06,1.44601e-05)
(-9.5588e-06,1.41513e-05)
(-0.00015991,1.19073e-06)
(1.6782e-05,-0.000159031)
(-6.36942e-06,-1.00464e-05)
(6.61787e-06,-9.88453e-06)
(4.78181e-06,5.0346e-07)
(1.6782e-05,-0.000159031)
(5.68317e-07,-3.60325e-07)
(-2.87288e-06,-4.5727e-06)
(-6.04256e-06,-9.53087e-06)
(3.02276e-06,-4.47504e-06)
(1.22012e-07,8.16868e-08)
(6.27827e-06,-9.37729e-06)
(-1.75123e-07,-2.27926e-05)
(-0.000148522,-5.40136e-07)
(-0.000113073,8.41971e-07)
(1.72225e-05,-0.000147521)
(3.38125e-06,3.56e-07)
(1.18666e-05,-0.000112452)
(1.39209e-06,-8.82612e-07)
(-7.03708e-06,-1.12008e-05)
(-4.02837e-06,-6.35392e-06)
(7.40421e-06,-1.09616e-05)
(8.13416e-08,5.44578e-08)
(4.18551e-06,-6.25152e-06)
(3.10385e-07,3.46896e-05)
(0.000211544,8.59671e-07)
(-1.94419e-06,1.25388e-06)
(9.26273e-06,1.45152e-05)
(5.26548e-06,4.71198e-07)
(1.43599e-05,-0.000159953)
(1.45532e-07,9.27647e-08)
(6.43111e-06,-1.00889e-05)
(-0.000160591,1.39107e-06)
(-2.92913e-06,-4.5901e-06)
(-6.15163e-06,-9.53875e-06)
(1.52702e-05,-0.000148804)
(1.0154e-05,-0.000113104)
(7.22317e-06,-1.12124e-05)
(4.06739e-06,-6.38077e-06)
(-2.15953e-05,0.000210441)
(9.26273e-06,1.45152e-05)
(-9.32508e-06,1.44752e-05)
(-0.000160591,1.39107e-06)
(1.43599e-05,-0.000159953)
(-6.48439e-06,-1.00547e-05)
(6.43111e-06,-1.00889e-05)
(5.26548e-06,4.71198e-07)
(1.43599e-05,-0.000159953)
(6.14806e-07,-3.96511e-07)
(-2.92913e-06,-4.5901e-06)
(-6.15163e-06,-9.53875e-06)
(2.94885e-06,-4.57746e-06)
(1.38064e-07,8.80043e-08)
(6.10109e-06,-9.57115e-06)
(-2.19475e-07,-2.45293e-05)
(-0.000149584,-6.07879e-07)
(-0.000113555,9.83634e-07)
(1.52702e-05,-0.000148804)
(3.72326e-06,3.33187e-07)
(1.0154e-05,-0.000113104)
(1.50596e-06,-9.7125e-07)
(-7.17488e-06,-1.12434e-05)
(-4.10109e-06,-6.35916e-06)
(7.22317e-06,-1.12124e-05)
(9.20424e-08,5.86696e-08)
(4.06739e-06,-6.38077e-06)
(3.53559e-07,3.61904e-05)
(0.000212451,9.1915e-07)
(-2.03451e-06,1.32538e-06)
(9.36924e-06,1.45493e-05)
(5.56791e-06,4.46714e-07)
(1.29274e-05,-0.000160489)
(1.56335e-07,9.67798e-08)
(6.31971e-06,-1.02081e-05)
(-0.000161002,1.52177e-06)
(-2.96281e-06,-4.60089e-06)
(-6.21688e-06,-9.54363e-06)
(1.41236e-05,-0.000149561)
(9.14103e-06,-0.000113483)
(7.11553e-06,-1.13599e-05)
(3.99693e-06,-6.4562e-06)
(-1.99738e-05,0.000211512)
(9.36924e-06,1.45493e-05)
(-9.18611e-06,1.46656e-05)
(-0.000161002,1.52177e-06)
(1.29274e-05,-0.000160489)
(-6.55317e-06,-1.00599e-05)
(6.31971e-06,-1.02081e-05)
(5.56791e-06,4.46714e-07)
(1.29274e-05,-0.000160489)
(6.4337e-07,-4.19122e-07)
(-2.96281e-06,-4.60089e-06)
(-6.21688e-06,-9.54363e-06)
(2.9049e-06,-4.63767e-06)
(1.48312e-07,9.18134e-08)
(5.9954e-06,-9.6843e-06)
(-2.50004e-07,-2.55905e-05)
(-0.000150225,-6.49938e-07)
(-0.000113846,1.07605e-06)
(1.41236e-05,-0.000149561)
(3.93711e-06,3.15874e-07)
(9.14103e-06,-0.000113483)
(1.57593e-06,-1.02664e-06)
(-7.25738e-06,-1.12698e-05)
(-4.14459e-06,-6.36242e-06)
(7.11553e-06,-1.13599e-05)
(9.88749e-08,6.12089e-08)
(3.99693e-06,-6.4562e-06)
